actionNumber,clock,timeActual,period,periodType,actionType,subType,qualifiers,personId,x,y,possession,scoreHome,scoreAway,edited,orderNumber,isTargetScoreLastPeriod,xLegacy,yLegacy,isFieldGoal,side,description,personIdsFilter,teamId,teamTricode,descriptor,jumpBallRecoveredName,jumpBallRecoverdPersonId,playerName,playerNameI,jumpBallWonPlayerName,jumpBallWonPersonId,jumpBallLostPlayerName,jumpBallLostPersonId,area,areaDetail,officialId,foulPersonalTotal,foulTechnicalTotal,foulDrawnPlayerName,foulDrawnPersonId,shotResult,pointsTotal,turnoverTotal,stealPlayerName,stealPersonId,shotDistance,shotActionNumber,reboundTotal,reboundDefensiveTotal,reboundOffensiveTotal,assistPlayerNameInitial,assistPersonId,assistTotal,blockPlayerName,blockPersonId
2,PT12M00.00S,2026-03-09T00:09:58.3Z,1,REGULAR,period,start,[],0,,,0,0,0,2026-03-09T00:09:58Z,20000,False,,,0,,Period Start,[],,,,,,,,,,,,,,,,,,,,,,,,,,,,,,,,,
4,PT11M56.00S,2026-03-09T00:10:00.9Z,1,REGULAR,jumpball,recovered,[],1630591,,,1610612753,0,0,2026-03-09T00:10:00Z,40000,False,,,0,,Jump Ball W. Carter Jr. vs. M. Turner: Tip to J. Suggs,"[1630591, 1628976, 1626167]",1610612753.0,ORL,startperiod,J. Suggs,1630591.0,Suggs,J. Suggs,Carter Jr.,1628976.0,Turner,1626167.0,,,,,,,,,,,,,,,,,,,,,,
7,PT11M47.00S,2026-03-09T00:10:15.1Z,1,REGULAR,foul,personal,['2freethrow'],1631157,,,1610612753,0,0,2026-03-09T00:10:24Z,70000,False,,,0,,R. Rollins shooting personal FOUL (1 PF) (Bane 2 FT),"[1631157, 1630217]",1610612749.0,MIL,shooting,,,Rollins,R. Rollins,,,,,In The Paint (Non-RA),8-16 Center,201245.0,1.0,0.0,Bane,1630217.0,,,,,,,,,,,,,,,
9,PT11M47.00S,2026-03-09T00:10:35.0Z,1,REGULAR,freethrow,1 of 2,[],1630217,,,1610612753,0,1,2026-03-09T00:10:35Z,90000,False,,,0,,D. Bane Free Throw 1 of 2 (1 PTS),[1630217],1610612753.0,ORL,,,,Bane,D. Bane,,,,,,,,,,,,Made,1.0,,,,,,,,,,,,,
10,PT11M47.00S,2026-03-09T00:10:48.9Z,1,REGULAR,freethrow,2 of 2,[],1630217,,,1610612753,0,2,2026-03-09T00:10:48Z,100000,False,,,0,,D. Bane Free Throw 2 of 2 (2 PTS),[1630217],1610612753.0,ORL,,,,Bane,D. Bane,,,,,,,,,,,,Made,2.0,,,,,,,,,,,,,
11,PT11M30.00S,2026-03-09T00:11:07.3Z,1,REGULAR,turnover,lost ball,[],1631260,,,1610612749,0,2,2026-03-09T00:11:14Z,110000,False,,,0,,A. Green lost ball TURNOVER (1 TO),"[1631260, 1630217]",1610612749.0,MIL,,,,Green,A. Green,,,,,Mid-Range,16-24 Right Center,,,,,,,,1.0,Bane,1630217.0,,,,,,,,,,
12,PT11M30.00S,2026-03-09T00:11:07.3Z,1,REGULAR,steal,,[],1630217,,,1610612753,0,2,2026-03-09T00:11:10Z,120000,False,,,0,,D. Bane STEAL (1 STL),[1630217],1610612753.0,ORL,,,,Bane,D. Bane,,,,,Mid-Range,16-24 Right Center,,,,,,,,,,,,,,,,,,,,
13,PT11M06.00S,2026-03-09T00:11:29.7Z,1,REGULAR,3pt,Jump Shot,['fromturnover'],1628976,68.67608409986859,73.77450980392157,1610612753,0,2,2026-03-09T00:11:35Z,130000,False,119.0,242.0,1,right,MISS W. Carter Jr. 26' 3PT,[1628976],1610612753.0,ORL,,,,Carter Jr.,W. Carter Jr.,,,,,Above the Break 3,24+ Right Center,,,,,,Missed,,,,,26.95,,,,,,,,,
14,PT11M04.00S,2026-03-09T00:11:31.7Z,1,REGULAR,rebound,offensive,[],1641783,,,1610612753,0,2,2026-03-09T00:11:35Z,140000,False,,,0,,T. da Silva REBOUND (Off:1 Def:0),[1641783],1610612753.0,ORL,,,,da Silva,T. da Silva,,,,,Above the Break 3,24+ Right Center,,,,,,,,,,,,13.0,1.0,0.0,1.0,,,,,
15,PT11M00.00S,2026-03-09T00:11:37.3Z,1,REGULAR,3pt,Jump Shot,"['fromturnover', '2ndchance']",1641783,88.5676741130092,96.34650735294117,1610612753,0,5,2026-03-09T00:11:46Z,150000,False,232.0,55.0,1,right,T. da Silva 3PT  (3 PTS) (J. Suggs 1 AST),"[1641783, 1630591]",1610612753.0,ORL,,,,da Silva,T. da Silva,,,,,Right Corner 3,24+ Right,,,,,,Made,3.0,,,,23.81,,,,,J. Suggs,1630591.0,1.0,,
17,PT10M43.00S,2026-03-09T00:11:53.7Z,1,REGULAR,2pt,Jump Shot,[],1631172,22.026938239159,50.73529411764706,1610612749,0,5,2026-03-09T00:12:00Z,170000,False,-4.0,155.0,1,left,MISS O. Dieng 15' driving floating Shot,[1631172],1610612749.0,MIL,driving floating,,,Dieng,O. Dieng,,,,,Mid-Range,8-16 Center,,,,,,Missed,,,,,15.46,,,,,,,,,
18,PT10M39.00S,2026-03-09T00:11:57.7Z,1,REGULAR,rebound,defensive,[],1628976,,,1610612753,0,5,2026-03-09T00:12:00Z,180000,False,,,0,,W. Carter Jr. REBOUND (Off:0 Def:1),[1628976],1610612753.0,ORL,,,,Carter Jr.,W. Carter Jr.,,,,,Mid-Range,8-16 Center,,,,,,,,,,,,17.0,1.0,1.0,0.0,,,,,
19,PT10M38.00S,2026-03-09T00:11:58.4Z,1,REGULAR,2pt,Layup,"['pointsinthepaint', 'fastbreak']",1630591,93.51182654402102,52.20588235294118,1610612753,0,7,2026-03-09T00:12:06Z,190000,False,11.0,8.0,1,right,J. Suggs running finger roll Layup (2 PTS) (W. Carter Jr. 1 AST),"[1630591, 1628976]",1610612753.0,ORL,running finger roll,,,Suggs,J. Suggs,,,,,Restricted Area,0-8 Center,,,,,,Made,2.0,,,,1.39,,,,,W. Carter Jr.,1628976.0,1.0,,
21,PT10M19.00S,2026-03-09T00:12:17.3Z,1,REGULAR,3pt,Jump Shot,[],1631172,28.728646517739815,27.228860294117645,1610612749,0,7,2026-03-09T00:12:27Z,210000,False,114.0,218.0,1,left,MISS O. Dieng 24' step back 3PT,[1631172],1610612749.0,MIL,step back,,,Dieng,O. Dieng,,,,,Above the Break 3,24+ Right Center,,,,,,Missed,,,,,24.55,,,,,,,,,
22,PT10M16.00S,2026-03-09T00:12:20.3Z,1,REGULAR,rebound,defensive,[],1628976,,,1610612753,0,7,2026-03-09T00:12:27Z,220000,False,,,0,,W. Carter Jr. REBOUND (Off:0 Def:2),[1628976],1610612753.0,ORL,,,,Carter Jr.,W. Carter Jr.,,,,,Above the Break 3,24+ Right Center,,,,,,,,,,,,21.0,2.0,2.0,0.0,,,,,
23,PT10M05.00S,2026-03-09T00:12:31.0Z,1,REGULAR,2pt,Layup,['pointsinthepaint'],1630217,91.14651773981603,44.11764705882353,1610612753,0,7,2026-03-09T00:12:36Z,230000,False,-29.0,31.0,1,right,MISS D. Bane driving finger roll Layup,[1630217],1610612753.0,ORL,driving finger roll,,,Bane,D. Bane,,,,,Restricted Area,0-8 Center,,,,,,Missed,,,,,4.25,,,,,,,,,
24,PT10M02.00S,2026-03-09T00:12:34.0Z,1,REGULAR,rebound,defensive,[],1631172,,,1610612749,0,7,2026-03-09T00:12:36Z,240000,False,,,0,,O. Dieng REBOUND (Off:0 Def:1),[1631172],1610612749.0,MIL,,,,Dieng,O. Dieng,,,,,Restricted Area,0-8 Center,,,,,,,,,,,,23.0,1.0,1.0,0.0,,,,,
25,PT09M49.00S,2026-03-09T00:12:50.8Z,1,REGULAR,foul,personal,['2freethrow'],1631094,,,1610612749,0,7,2026-03-09T00:13:02Z,250000,False,,,0,,P. Banchero shooting personal FOUL (1 PF) (Turner 2 FT),"[1631094, 1626167]",1610612753.0,ORL,shooting,,,Banchero,P. Banchero,,,,,In The Paint (Non-RA),0-8 Center,201245.0,1.0,0.0,Turner,1626167.0,,,,,,,,,,,,,,,
27,PT09M49.00S,2026-03-09T00:13:13.8Z,1,REGULAR,freethrow,1 of 2,[],1626167,,,1610612749,0,7,2026-03-09T00:13:13Z,270000,False,,,0,,MISS M. Turner Free Throw 1 of 2,[1626167],1610612749.0,MIL,,,,Turner,M. Turner,,,,,,,,,,,,Missed,,,,,,,,,,,,,,
28,PT09M49.00S,2026-03-09T00:13:13.8Z,1,REGULAR,rebound,offensive,"['deadball', 'team']",0,,,1610612749,0,7,2026-03-09T00:13:13Z,280000,False,,,0,,TEAM offensive REBOUND,[],1610612749.0,MIL,,,,,,,,,,,,,,,,,,,,,,,27.0,,,,,,,,
29,PT09M49.00S,2026-03-09T00:13:13.8Z,1,REGULAR,freethrow,2 of 2,[],1626167,,,1610612749,0,7,2026-03-09T00:13:34Z,290000,False,,,0,,MISS M. Turner Free Throw 2 of 2,[1626167],1610612749.0,MIL,,,,Turner,M. Turner,,,,,,,,,,,,Missed,,,,,,,,,,,,,,
30,PT09M47.00S,2026-03-09T00:13:15.8Z,1,REGULAR,rebound,defensive,[],1631094,,,1610612753,0,7,2026-03-09T00:13:34Z,300000,False,,,0,,P. Banchero REBOUND (Off:0 Def:1),[1631094],1610612753.0,ORL,,,,Banchero,P. Banchero,,,,,,,,,,,,,,,,,,29.0,1.0,1.0,0.0,,,,,
31,PT09M29.00S,2026-03-09T00:13:50.8Z,1,REGULAR,3pt,Jump Shot,[],1631094,67.45852496714849,45.37760416666667,1610612753,0,7,2026-03-09T00:14:02Z,310000,False,-23.0,253.0,1,right,MISS P. Banchero 25' step back 3PT,[1631094],1610612753.0,ORL,step back,,,Banchero,P. Banchero,,,,,Above the Break 3,24+ Center,,,,,,Missed,,,,,25.45,,,,,,,,,
32,PT09M24.00S,2026-03-09T00:13:55.8Z,1,REGULAR,rebound,defensive,[],1630579,,,1610612749,0,7,2026-03-09T00:14:02Z,320000,False,,,0,,J. Sims REBOUND (Off:0 Def:1),[1630579],1610612749.0,MIL,,,,Sims,J. Sims,,,,,Above the Break 3,24+ Center,,,,,,,,,,,,31.0,1.0,1.0,0.0,,,,,
33,PT09M12.00S,2026-03-09T00:14:07.8Z,1,REGULAR,2pt,Jump Shot,[],1631172,24.704336399474375,62.032781862745104,1610612749,2,7,2026-03-09T00:15:56Z,330000,False,-60.0,180.0,1,left,O. Dieng 18' pullup Jump Shot (2 PTS),[1631172],1610612749.0,MIL,pullup,,,Dieng,O. Dieng,,,,,Mid-Range,16-24 Left Center,,,,,,Made,2.0,,,,18.95,,,,,,,,,
34,PT09M05.00S,2026-03-09T00:14:54.9Z,1,REGULAR,turnover,out-of-bounds,[],1630591,,,1610612753,2,7,2026-03-09T00:15:04Z,340000,False,,,0,,J. Suggs lost ball out-of-bounds TURNOVER (1 TO),[1630591],1610612753.0,ORL,lost ball,,,Suggs,J. Suggs,,,,,In The Paint (Non-RA),0-8 Center,201245.0,,,,,,,1.0,,,,,,,,,,,,
35,PT08M48.00S,2026-03-09T00:15:25.6Z,1,REGULAR,turnover,bad pass,[],1631260,,,1610612749,2,7,2026-03-09T00:15:32Z,350000,False,,,0,,A. Green bad pass TURNOVER (2 TO),"[1631260, 1630217]",1610612749.0,MIL,,,,Green,A. Green,,,,,In The Paint (Non-RA),8-16 Right,,,,,,,,2.0,Bane,1630217.0,,,,,,,,,,
36,PT08M48.00S,2026-03-09T00:15:25.6Z,1,REGULAR,steal,,[],1630217,,,1610612753,2,7,2026-03-09T00:21:43Z,360000,False,,,0,,D. Bane STEAL (2 STL),[1630217],1610612753.0,ORL,,,,Bane,D. Bane,,,,,In The Paint (Non-RA),8-16 Right,,,,,,,,,,,,,,,,,,,,
37,PT08M38.00S,2026-03-09T00:15:35.3Z,1,REGULAR,2pt,Hook,"['pointsinthepaint', 'fromturnover']",1641783,85.89027595269383,41.66666666666667,1610612753,2,7,2026-03-09T00:15:41Z,370000,False,-42.0,80.0,1,right,MISS T. da Silva 9' driving Hook,[1641783],1610612753.0,ORL,driving,,,da Silva,T. da Silva,,,,,In The Paint (Non-RA),8-16 Center,,,,,,Missed,,,,,9.03,,,,,,,,,
38,PT08M34.00S,2026-03-09T00:15:38.9Z,1,REGULAR,rebound,defensive,[],1630579,,,1610612749,2,7,2026-03-09T00:15:38Z,380000,False,,,0,,J. Sims REBOUND (Off:0 Def:2),[1630579],1610612749.0,MIL,,,,Sims,J. Sims,,,,,In The Paint (Non-RA),8-16 Center,,,,,,,,,,,,37.0,2.0,2.0,0.0,,,,,
39,PT08M26.00S,2026-03-09T00:15:46.7Z,1,REGULAR,2pt,Jump Shot,['pointsinthepaint'],1631157,18.478975032851512,38.72549019607843,1610612749,2,7,2026-03-09T00:15:52Z,390000,False,56.0,121.0,1,left,MISS R. Rollins 13' pullup Shot,[1631157],1610612749.0,MIL,pullup,,,Rollins,R. Rollins,,,,,In The Paint (Non-RA),8-16 Center,,,,,,Missed,,,,,13.37,,,,,,,,,
40,PT08M22.00S,2026-03-09T00:15:50.7Z,1,REGULAR,rebound,defensive,[],1631094,,,1610612753,2,7,2026-03-09T00:15:52Z,400000,False,,,0,,P. Banchero REBOUND (Off:0 Def:2),[1631094],1610612753.0,ORL,,,,Banchero,P. Banchero,,,,,In The Paint (Non-RA),8-16 Center,,,,,,,,,,,,39.0,2.0,2.0,0.0,,,,,
41,PT08M15.00S,2026-03-09T00:15:58.4Z,1,REGULAR,2pt,Hook,['pointsinthepaint'],1630591,87.07293035479631,44.6078431372549,1610612753,2,7,2026-03-09T00:16:48Z,410000,False,-27.0,69.0,1,right,MISS J. Suggs 7' turnaround Hook - blocked,"[1630591, 1631172]",1610612753.0,ORL,turnaround,,,Suggs,J. Suggs,,,,,In The Paint (Non-RA),0-8 Center,,,,,,Missed,,,,,7.41,,,,,,,,Dieng,1631172.0
42,PT08M15.00S,2026-03-09T00:15:58.4Z,1,REGULAR,block,,[],1631172,,,1610612753,2,7,2026-03-09T00:16:02Z,420000,False,,,0,,O. Dieng BLOCK (1 BLK),[1631172],1610612749.0,MIL,,,,Dieng,O. Dieng,,,,,In The Paint (Non-RA),0-8 Center,,,,,,,,,,,,,,,,,,,,
43,PT08M15.00S,2026-03-09T00:15:58.4Z,1,REGULAR,rebound,offensive,['team'],0,,,1610612753,2,7,2026-03-09T00:16:48Z,430000,False,,,0,,TEAM offensive REBOUND,[],1610612753.0,ORL,,,,,,,,,,In The Paint (Non-RA),0-8 Center,,,,,,,,,,,,41.0,,,,,,,,
45,PT08M12.00S,2026-03-09T00:16:25.8Z,1,REGULAR,turnover,bad pass,[],1630591,,,1610612753,2,7,2026-03-09T00:19:10Z,450000,False,,,0,,J. Suggs bad pass TURNOVER (2 TO),"[1630591, 1631157]",1610612753.0,ORL,,,,Suggs,J. Suggs,,,,,Left Corner 3,24+ Left,2004.0,,,,,,,2.0,Rollins,1631157.0,,,,,,,,,,
59,PT08M12.00S,2026-03-09T00:16:25.8Z,1,REGULAR,steal,,[],1631157,,,1610612749,2,7,2026-03-09T00:19:10Z,455000,False,,,0,,R. Rollins STEAL (1 STL),[1631157],1610612749.0,MIL,,,,Rollins,R. Rollins,,,,,Left Corner 3,24+ Left,,,,,,,,,,,,,,,,,,,,
46,PT08M03.00S,2026-03-09T00:16:45.6Z,1,REGULAR,3pt,Jump Shot,['fromturnover'],1631157,30.831143232588698,71.81372549019608,1610612749,2,7,2026-03-09T00:16:51Z,460000,False,-109.0,237.0,1,left,MISS R. Rollins 26' pullup 3PT,[1631157],1610612749.0,MIL,pullup,,,Rollins,R. Rollins,,,,,Above the Break 3,24+ Left Center,,,,,,Missed,,,,,26.12,,,,,,,,,
47,PT08M03.00S,2026-03-09T00:16:45.6Z,1,REGULAR,rebound,offensive,[],1630579,,,1610612749,2,7,2026-03-09T00:16:51Z,470000,False,,,0,,J. Sims REBOUND (Off:1 Def:2),[1630579],1610612749.0,MIL,,,,Sims,J. Sims,,,,,Above the Break 3,24+ Left Center,,,,,,,,,,,,46.0,3.0,2.0,1.0,,,,,
48,PT07M59.00S,2026-03-09T00:16:50.4Z,1,REGULAR,3pt,Jump Shot,"['fromturnover', '2ndchance']",1626167,35.43035479632063,49.01960784313725,1610612749,5,7,2026-03-09T00:16:55Z,480000,False,5.0,281.0,1,left,M. Turner 28' 3PT  (3 PTS) (J. Sims 1 AST),"[1626167, 1630579]",1610612749.0,MIL,,,,Turner,M. Turner,,,,,Above the Break 3,24+ Center,,,,,,Made,3.0,,,,28.05,,,,,J. Sims,1630579.0,1.0,,
50,PT07M40.00S,2026-03-09T00:17:09.6Z,1,REGULAR,2pt,Jump Shot,['pointsinthepaint'],1630217,81.8166885676741,45.34313725490196,1610612753,5,7,2026-03-09T00:17:14Z,500000,False,-23.0,118.0,1,right,MISS D. Bane 12' driving floating Shot,[1630217],1610612753.0,ORL,driving floating,,,Bane,D. Bane,,,,,In The Paint (Non-RA),8-16 Center,,,,,,Missed,,,,,12.07,,,,,,,,,
51,PT07M35.00S,2026-03-09T00:17:13.3Z,1,REGULAR,rebound,defensive,[],1630579,,,1610612749,5,7,2026-03-09T00:17:13Z,510000,False,,,0,,J. Sims REBOUND (Off:1 Def:3),[1630579],1610612749.0,MIL,,,,Sims,J. Sims,,,,,In The Paint (Non-RA),8-16 Center,,,,,,,,,,,,50.0,4.0,3.0,1.0,,,,,
52,PT07M30.00S,2026-03-09T00:17:19.8Z,1,REGULAR,2pt,Layup,['pointsinthepaint'],1631157,8.886333771353483,50.49019607843137,1610612749,5,7,2026-03-09T00:17:37Z,520000,False,-2.0,31.0,1,left,MISS R. Rollins driving Layup,[1631157],1610612749.0,MIL,driving,,,Rollins,R. Rollins,,,,,Restricted Area,0-8 Center,,,,,,Missed,,,,,3.11,,,,,,,,,
53,PT07M26.00S,2026-03-09T00:17:23.8Z,1,REGULAR,rebound,defensive,[],1630217,,,1610612753,5,7,2026-03-09T00:17:37Z,530000,False,,,0,,D. Bane REBOUND (Off:0 Def:1),[1630217],1610612753.0,ORL,,,,Bane,D. Bane,,,,,Restricted Area,0-8 Center,,,,,,,,,,,,52.0,1.0,1.0,0.0,,,,,
54,PT07M13.00S,2026-03-09T00:17:36.2Z,1,REGULAR,2pt,Jump Shot,[],1631094,91.27792378449409,76.7156862745098,1610612753,5,9,2026-03-09T00:17:40Z,540000,False,134.0,29.0,1,right,P. Banchero 13' driving floating Jump Shot (2 PTS),[1631094],1610612753.0,ORL,driving floating,,,Banchero,P. Banchero,,,,,Mid-Range,8-16 Right,,,,,,Made,2.0,,,,13.68,,,,,,,,,
55,PT06M58.00S,2026-03-09T00:17:50.5Z,1,REGULAR,2pt,Jump Shot,[],1631172,4.944152431011826,80.88235294117648,1610612749,5,9,2026-03-09T00:17:57Z,550000,False,-154.0,-6.0,1,left,MISS O. Dieng 15' step back Shot,[1631172],1610612749.0,MIL,step back,,,Dieng,O. Dieng,,,,,Mid-Range,8-16 Left,,,,,,Missed,,,,,15.45,,,,,,,,,
56,PT06M54.00S,2026-03-09T00:17:54.5Z,1,REGULAR,rebound,defensive,[],1631094,,,1610612753,5,9,2026-03-09T00:17:57Z,560000,False,,,0,,P. Banchero REBOUND (Off:0 Def:3),[1631094],1610612753.0,ORL,,,,Banchero,P. Banchero,,,,,Mid-Range,8-16 Left,,,,,,,,,,,,55.0,3.0,3.0,0.0,,,,,
57,PT06M51.00S,2026-03-09T00:18:01.4Z,1,REGULAR,turnover,out-of-bounds,[],1631094,,,1610612753,5,9,2026-03-09T00:20:05Z,570000,False,,,0,,P. Banchero bad pass out-of-bounds TURNOVER (1 TO),[1631094],1610612753.0,ORL,bad pass,,,Banchero,P. Banchero,,,,,Mid-Range,16-24 Center,,,,,,,,1.0,,,,,,,,,,,,
58,PT06M51.00S,2026-03-09T00:18:21.6Z,1,REGULAR,timeout,full,"['team', 'mandatory']",0,,,1610612749,5,9,2026-03-09T00:18:21Z,580000,False,,,0,,MIL Timeout,[],1610612749.0,MIL,,,,,,,,,,,,,,,,,,,,,,,,,,,,,,,
60,PT06M51.00S,2026-03-09T00:20:20.8Z,1,REGULAR,substitution,out,[],1631172,,,1610612749,5,9,2026-03-09T00:21:16Z,590000,False,,,0,,SUB out: O. Dieng,[1631172],1610612749.0,MIL,,,,Dieng,O. Dieng,,,,,,,,,,,,,,,,,,,,,,,,,,
61,PT06M51.00S,2026-03-09T00:20:20.8Z,1,REGULAR,substitution,in,[],1631250,,,1610612749,5,9,2026-03-09T00:21:16Z,600000,False,,,0,,SUB in: P. Nance,[1631250],1610612749.0,MIL,,,,Nance,P. Nance,,,,,,,,,,,,,,,,,,,,,,,,,,
62,PT06M26.00S,2026-03-09T00:21:36.5Z,1,REGULAR,3pt,Jump Shot,['fromturnover'],1631157,32.276609724047304,34.31372549019608,1610612749,5,9,2026-03-09T00:23:54Z,610000,False,78.0,251.0,1,left,MISS R. Rollins 26' step back 3PT,[1631157],1610612749.0,MIL,step back,,,Rollins,R. Rollins,,,,,Above the Break 3,24+ Center,,,,,,Missed,,,,,26.29,,,,,,,,,
63,PT06M22.00S,2026-03-09T00:21:40.3Z,1,REGULAR,rebound,defensive,[],1630217,,,1610612753,5,9,2026-03-09T00:21:40Z,620000,False,,,0,,D. Bane REBOUND (Off:0 Def:2),[1630217],1610612753.0,ORL,,,,Bane,D. Bane,,,,,Above the Break 3,24+ Center,,,,,,,,,,,,62.0,2.0,2.0,0.0,,,,,
64,PT06M19.00S,2026-03-09T00:21:43.0Z,1,REGULAR,2pt,DUNK,"['pointsinthepaint', 'fastbreak']",1628976,92.85479632063075,50.49019607843137,1610612753,5,11,2026-03-09T00:21:53Z,630000,False,2.0,15.0,1,right,W. Carter Jr. running alley-oop DUNK (2 PTS) (P. Banchero 1 AST),"[1628976, 1631094]",1610612753.0,ORL,running alley-oop,,,Carter Jr.,W. Carter Jr.,,,,,Restricted Area,0-8 Center,,,,,,Made,2.0,,,,1.49,,,,,P. Banchero,1631094.0,1.0,,
67,PT06M09.00S,2026-03-09T00:21:58.8Z,1,REGULAR,substitution,out,[],1630579,,,1610612749,5,11,2026-03-09T00:22:14Z,660000,False,,,0,,SUB out: J. Sims,[1630579],1610612749.0,MIL,,,,Sims,J. Sims,,,,,,,,,,,,,,,,,,,,,,,,,,
68,PT06M09.00S,2026-03-09T00:21:58.8Z,1,REGULAR,substitution,out,[],1630217,,,1610612749,5,11,2026-03-09T00:22:14Z,670000,False,,,0,,SUB out: D. Bane,[1630217],1610612753.0,ORL,,,,Bane,D. Bane,,,,,,,,,,,,,,,,,,,,,,,,,,
69,PT06M09.00S,2026-03-09T00:21:58.8Z,1,REGULAR,substitution,in,[],1626171,,,1610612749,5,11,2026-03-09T00:22:14Z,680000,False,,,0,,SUB in: B. Portis,[1626171],1610612749.0,MIL,,,,Portis,B. Portis,,,,,,,,,,,,,,,,,,,,,,,,,,
70,PT06M09.00S,2026-03-09T00:21:58.8Z,1,REGULAR,substitution,in,[],1641724,,,1610612749,5,11,2026-03-09T00:22:14Z,690000,False,,,0,,SUB in: J. Howard,[1641724],1610612753.0,ORL,,,,Howard,J. Howard,,,,,,,,,,,,,,,,,,,,,,,,,,
71,PT06M01.00S,2026-03-09T00:22:31.2Z,1,REGULAR,turnover,3-second-violation,[],1626167,,,1610612749,5,11,2026-03-09T00:22:39Z,700000,False,,,0,,M. Turner 3-second-violation TURNOVER (1 TO),[1626167],1610612749.0,MIL,,,,Turner,M. Turner,,,,,In The Paint (Non-RA),0-8 Center,1628951.0,,,,,,,1.0,,,,,,,,,,,,
72,PT05M43.00S,2026-03-09T00:22:59.1Z,1,REGULAR,3pt,Jump Shot,['fromturnover'],1641724,66.5735873850197,60.049019607843135,1610612753,5,11,2026-03-09T00:23:04Z,710000,False,50.0,262.0,1,right,MISS J. Howard 26' 3PT,[1641724],1610612753.0,ORL,,,,Howard,J. Howard,,,,,Above the Break 3,24+ Center,,,,,,Missed,,,,,26.65,,,,,,,,,
73,PT05M39.00S,2026-03-09T00:23:03.1Z,1,REGULAR,rebound,defensive,[],1626171,,,1610612749,5,11,2026-03-09T00:23:04Z,720000,False,,,0,,B. Portis REBOUND (Off:0 Def:1),[1626171],1610612749.0,MIL,,,,Portis,B. Portis,,,,,Above the Break 3,24+ Center,,,,,,,,,,,,72.0,1.0,1.0,0.0,,,,,
74,PT05M33.00S,2026-03-09T00:23:11.8Z,1,REGULAR,turnover,backcourt,[],1631157,,,1610612749,5,11,2026-03-09T00:23:25Z,730000,False,,,0,,R. Rollins backcourt TURNOVER (1 TO),[1631157],1610612749.0,MIL,,,,Rollins,R. Rollins,,,,,Above the Break 3,24+ Left Center,,,,,,,,1.0,,,,,,,,,,,,
75,PT05M33.00S,2026-03-09T00:23:17.3Z,1,REGULAR,substitution,out,[],1630591,,,1610612753,5,11,2026-03-09T00:23:21Z,740000,False,,,0,,SUB out: J. Suggs,[1630591],1610612753.0,ORL,,,,Suggs,J. Suggs,,,,,,,,,,,,,,,,,,,,,,,,,,
76,PT05M33.00S,2026-03-09T00:23:17.3Z,1,REGULAR,substitution,in,[],1628975,,,1610612753,5,11,2026-03-09T00:23:21Z,750000,False,,,0,,SUB in: J. Carter,[1628975],1610612753.0,ORL,,,,Carter,J. Carter,,,,,,,,,,,,,,,,,,,,,,,,,,
77,PT05M26.00S,2026-03-09T00:23:37.0Z,1,REGULAR,3pt,Jump Shot,['fromturnover'],1641783,71.96123521681997,15.931372549019606,1610612753,5,11,2026-03-09T00:23:42Z,760000,False,-170.0,211.0,1,right,MISS T. da Silva 27' 3PT,[1641783],1610612753.0,ORL,,,,da Silva,T. da Silva,,,,,Above the Break 3,24+ Left Center,,,,,,Missed,,,,,27.12,,,,,,,,,
78,PT05M22.00S,2026-03-09T00:23:41.0Z,1,REGULAR,rebound,defensive,[],1626171,,,1610612749,5,11,2026-03-09T00:23:42Z,770000,False,,,0,,B. Portis REBOUND (Off:0 Def:2),[1626171],1610612749.0,MIL,,,,Portis,B. Portis,,,,,Above the Break 3,24+ Left Center,,,,,,,,,,,,77.0,2.0,2.0,0.0,,,,,
79,PT05M13.00S,2026-03-09T00:23:49.5Z,1,REGULAR,2pt,Jump Shot,[],1626171,14.799605781865965,16.42156862745098,1610612749,5,11,2026-03-09T00:25:06Z,780000,False,168.0,87.0,1,left,MISS B. Portis 18' pullup Shot,[1626171],1610612749.0,MIL,pullup,,,Portis,B. Portis,,,,,Mid-Range,16-24 Right,,,,,,Missed,,,,,18.89,,,,,,,,,
80,PT05M10.00S,2026-03-09T00:23:52.5Z,1,REGULAR,rebound,defensive,[],1641783,,,1610612753,5,11,2026-03-09T00:23:54Z,790000,False,,,0,,T. da Silva REBOUND (Off:1 Def:1),[1641783],1610612753.0,ORL,,,,da Silva,T. da Silva,,,,,Mid-Range,16-24 Right,,,,,,,,,,,,79.0,2.0,1.0,1.0,,,,,
81,PT05M03.00S,2026-03-09T00:24:00.2Z,1,REGULAR,turnover,bad pass,[],1628976,,,1610612753,5,11,2026-03-09T00:24:10Z,800000,False,,,0,,W. Carter Jr. bad pass TURNOVER (1 TO),"[1628976, 1631260]",1610612753.0,ORL,,,,Carter Jr.,W. Carter Jr.,,,,,In The Paint (Non-RA),8-16 Left,,,,,,,,1.0,Green,1631260.0,,,,,,,,,,
82,PT05M03.00S,2026-03-09T00:24:00.2Z,1,REGULAR,steal,,[],1631260,,,1610612749,5,11,2026-03-09T00:24:02Z,810000,False,,,0,,A. Green STEAL (1 STL),[1631260],1610612749.0,MIL,,,,Green,A. Green,,,,,In The Paint (Non-RA),8-16 Left,,,,,,,,,,,,,,,,,,,,
83,PT04M56.00S,2026-03-09T00:24:07.3Z,1,REGULAR,3pt,Jump Shot,['fromturnover'],1631260,27.648653088042053,76.2484681372549,1610612749,5,11,2026-03-09T00:24:14Z,820000,False,-131.0,207.0,1,left,MISS A. Green 24' 3PT,[1631260],1610612749.0,MIL,,,,Green,A. Green,,,,,Above the Break 3,24+ Left Center,,,,,,Missed,,,,,24.54,,,,,,,,,
84,PT04M53.00S,2026-03-09T00:24:10.3Z,1,REGULAR,rebound,defensive,[],1641783,,,1610612753,5,11,2026-03-09T00:24:14Z,830000,False,,,0,,T. da Silva REBOUND (Off:1 Def:2),[1641783],1610612753.0,ORL,,,,da Silva,T. da Silva,,,,,Above the Break 3,24+ Left Center,,,,,,,,,,,,83.0,3.0,2.0,1.0,,,,,
85,PT04M38.00S,2026-03-09T00:24:24.9Z,1,REGULAR,2pt,DUNK,['pointsinthepaint'],1631094,93.51182654402102,50.49019607843137,1610612753,5,13,2026-03-09T00:24:35Z,840000,False,2.0,8.0,1,right,P. Banchero DUNK (4 PTS) (T. da Silva 1 AST),"[1631094, 1641783]",1610612753.0,ORL,,,,Banchero,P. Banchero,,,,,Restricted Area,0-8 Center,,,,,,Made,4.0,,,,0.89,,,,,T. da Silva,1641783.0,1.0,,
87,PT04M27.00S,2026-03-09T00:24:35.5Z,1,REGULAR,2pt,Jump Shot,['pointsinthepaint'],1631157,15.850854139290407,46.568627450980394,1610612749,7,13,2026-03-09T00:26:05Z,860000,False,17.0,96.0,1,left,R. Rollins 9' pullup Jump Shot (2 PTS),[1631157],1610612749.0,MIL,pullup,,,Rollins,R. Rollins,,,,,In The Paint (Non-RA),8-16 Center,,,,,,Made,2.0,,,,9.8,,,,,,,,,
88,PT04M08.00S,2026-03-09T00:24:54.6Z,1,REGULAR,3pt,Jump Shot,[],1628975,65.52233902759527,53.67647058823529,1610612753,7,13,2026-03-09T00:25:00Z,870000,False,18.0,272.0,1,right,MISS J. Carter 27' 3PT,[1628975],1610612753.0,ORL,,,,Carter,J. Carter,,,,,Above the Break 3,24+ Center,,,,,,Missed,,,,,27.22,,,,,,,,,
89,PT04M05.00S,2026-03-09T00:24:57.6Z,1,REGULAR,rebound,defensive,[],1626171,,,1610612749,7,13,2026-03-09T00:25:00Z,880000,False,,,0,,B. Portis REBOUND (Off:0 Def:3),[1626171],1610612749.0,MIL,,,,Portis,B. Portis,,,,,Above the Break 3,24+ Center,,,,,,,,,,,,88.0,3.0,3.0,0.0,,,,,
90,PT03M54.00S,2026-03-09T00:25:13.3Z,1,REGULAR,foul,personal,[],1641783,,,1610612749,7,13,2026-03-09T00:26:00Z,890000,False,,,0,,T. da Silva personal FOUL (1 PF),"[1641783, 1626171]",1610612753.0,ORL,,,,da Silva,T. da Silva,,,,,In The Paint (Non-RA),0-8 Center,2004.0,1.0,0.0,Portis,1626171.0,,,,,,,,,,,,,,,
92,PT03M54.00S,2026-03-09T00:25:26.1Z,1,REGULAR,substitution,out,[],1631157,,,1610612749,7,13,2026-03-09T00:25:34Z,910000,False,,,0,,SUB out: R. Rollins,[1631157],1610612749.0,MIL,,,,Rollins,R. Rollins,,,,,,,,,,,,,,,,,,,,,,,,,,
93,PT03M54.00S,2026-03-09T00:25:26.1Z,1,REGULAR,substitution,out,[],1631260,,,1610612749,7,13,2026-03-09T00:25:34Z,920000,False,,,0,,SUB out: A. Green,[1631260],1610612749.0,MIL,,,,Green,A. Green,,,,,,,,,,,,,,,,,,,,,,,,,,
94,PT03M54.00S,2026-03-09T00:25:26.1Z,1,REGULAR,substitution,in,[],1629018,,,1610612749,7,13,2026-03-09T00:25:34Z,930000,False,,,0,,SUB in: G. Trent Jr.,[1629018],1610612749.0,MIL,,,,Trent Jr.,G. Trent Jr.,,,,,,,,,,,,,,,,,,,,,,,,,,
95,PT03M54.00S,2026-03-09T00:25:26.1Z,1,REGULAR,substitution,in,[],1631172,,,1610612749,7,13,2026-03-09T00:25:34Z,940000,False,,,0,,SUB in: O. Dieng,[1631172],1610612749.0,MIL,,,,Dieng,O. Dieng,,,,,,,,,,,,,,,,,,,,,,,,,,
96,PT03M54.00S,2026-03-09T00:25:36.0Z,1,REGULAR,substitution,out,[],1641783,,,1610612749,7,13,2026-03-09T00:25:40Z,950000,False,,,0,,SUB out: T. da Silva,[1641783],1610612753.0,ORL,,,,da Silva,T. da Silva,,,,,,,,,,,,,,,,,,,,,,,,,,
97,PT03M54.00S,2026-03-09T00:25:36.0Z,1,REGULAR,substitution,in,[],1630217,,,1610612749,7,13,2026-03-09T00:25:40Z,960000,False,,,0,,SUB in: D. Bane,[1630217],1610612753.0,ORL,,,,Bane,D. Bane,,,,,,,,,,,,,,,,,,,,,,,,,,
98,PT03M45.00S,2026-03-09T00:25:58.1Z,1,REGULAR,2pt,Layup,['pointsinthepaint'],1631172,10.33180026281209,42.8921568627451,1610612749,7,13,2026-03-09T00:28:53Z,970000,False,36.0,45.0,1,left,MISS O. Dieng driving Layup - blocked,"[1631172, 1628976]",1610612749.0,MIL,driving,,,Dieng,O. Dieng,,,,,In The Paint (Non-RA),0-8 Center,,,,,,Missed,,,,,5.7,,,,,,,,Carter Jr.,1628976.0
99,PT03M45.00S,2026-03-09T00:25:58.1Z,1,REGULAR,block,,[],1628976,,,1610612749,7,13,2026-03-09T00:26:01Z,980000,False,,,0,,W. Carter Jr. BLOCK (1 BLK),[1628976],1610612753.0,ORL,,,,Carter Jr.,W. Carter Jr.,,,,,In The Paint (Non-RA),0-8 Center,,,,,,,,,,,,,,,,,,,,
100,PT03M43.00S,2026-03-09T00:26:00.1Z,1,REGULAR,rebound,offensive,[],1631172,,,1610612749,7,13,2026-03-09T00:28:53Z,990000,False,,,0,,O. Dieng REBOUND (Off:1 Def:1),[1631172],1610612749.0,MIL,,,,Dieng,O. Dieng,,,,,In The Paint (Non-RA),0-8 Center,,,,,,,,,,,,98.0,2.0,1.0,1.0,,,,,
101,PT03M40.00S,2026-03-09T00:26:05.4Z,1,REGULAR,2pt,Jump Shot,['2ndchance'],1626167,10.775295663600525,71.83670343137256,1610612749,7,13,2026-03-09T00:27:15Z,1000000,False,-109.0,49.0,1,left,MISS M. Turner 11' driving floating Shot,[1626167],1610612749.0,MIL,driving floating,,,Turner,M. Turner,,,,,Mid-Range,8-16 Left,,,,,,Missed,,,,,11.96,,,,,,,,,
102,PT03M38.00S,2026-03-09T00:26:07.4Z,1,REGULAR,rebound,offensive,[],1629018,,,1610612749,7,13,2026-03-09T00:29:24Z,1010000,False,,,0,,G. Trent Jr. REBOUND (Off:1 Def:0),[1629018],1610612749.0,MIL,,,,Trent Jr.,G. Trent Jr.,,,,,Mid-Range,8-16 Left,,,,,,,,,,,,101.0,1.0,0.0,1.0,,,,,
114,PT03M36.00S,2026-03-09T00:26:17.2Z,1,REGULAR,turnover,bad pass,[],1629018,,,1610612749,7,13,2026-03-09T00:30:19Z,1015000,False,,,0,,G. Trent Jr. bad pass TURNOVER (1 TO),"[1629018, 1630217]",1610612749.0,MIL,,,,Trent Jr.,G. Trent Jr.,,,,,Above the Break 3,24+ Left Center,,,,,,,,1.0,Bane,1630217.0,,,,,,,,,,
115,PT03M36.00S,2026-03-09T00:26:17.2Z,1,REGULAR,steal,,[],1630217,,,1610612753,7,13,2026-03-09T00:34:29Z,1017500,False,,,0,,D. Bane STEAL (3 STL),[1630217],1610612753.0,ORL,,,,Bane,D. Bane,,,,,Above the Break 3,24+ Left Center,,,,,,,,,,,,,,,,,,,,
116,PT03M33.00S,2026-03-09T00:26:23.1Z,1,REGULAR,2pt,Layup,"['pointsinthepaint', 'fromturnover']",1630217,91.40932982917214,47.30392156862745,1610612753,7,13,2026-03-09T00:30:55Z,1018750,False,-13.0,28.0,1,right,MISS D. Bane running Layup,[1630217],1610612753.0,ORL,running,,,Bane,D. Bane,,,,,Restricted Area,0-8 Center,,,,,,Missed,,,,,3.14,,,,,,,,,
118,PT03M32.00S,2026-03-09T00:26:24.1Z,1,REGULAR,rebound,defensive,[],1629018,,,1610612749,7,13,2026-03-09T00:30:55Z,1019687,False,,,0,,G. Trent Jr. REBOUND (Off:1 Def:1),[1629018],1610612749.0,MIL,,,,Trent Jr.,G. Trent Jr.,,,,,Restricted Area,0-8 Center,,,,,,,,,,,,116.0,2.0,1.0,1.0,,,,,
103,PT03M25.00S,2026-03-09T00:26:29.0Z,1,REGULAR,2pt,DUNK,['pointsinthepaint'],1631250,7.835085413929041,53.431372549019606,1610612749,9,13,2026-03-09T00:33:18Z,1020000,False,-17.0,21.0,1,left,P. Nance cutting DUNK (2 PTS) (B. Portis 1 AST),"[1631250, 1626171]",1610612749.0,MIL,cutting,,,Nance,P. Nance,,,,,Restricted Area,0-8 Center,,,,,,Made,2.0,,,,2.72,,,,,B. Portis,1626171.0,1.0,,
105,PT03M10.00S,2026-03-09T00:26:39.8Z,1,REGULAR,foul,technical,['1freethrow'],1631250,,,1610612753,9,13,2026-03-09T00:27:09Z,1040000,False,,,0,,P. Nance defensive-3-second technical FOUL (1 Tech),[1631250],1610612749.0,MIL,defensive-3-second,,,Nance,P. Nance,,,,,In The Paint (Non-RA),0-8 Center,2004.0,0.0,1.0,,,,,,,,,,,,,,,,,
106,PT03M10.00S,2026-03-09T00:27:18.4Z,1,REGULAR,freethrow,1 of 1,[],1630217,,,1610612753,9,14,2026-03-09T00:27:18Z,1050000,False,,,0,,D. Bane technical Free Throw 1 of 1 (3 PTS),[1630217],1610612753.0,ORL,technical,,,Bane,D. Bane,,,,,,,,,,,,Made,3.0,,,,,,,,,,,,,
157,PT03M03.00S,2026-03-09T00:27:20.3Z,1,REGULAR,2pt,Layup,['pointsinthepaint'],1628976,91.90210249671485,48.529411764705884,1610612753,9,14,2026-03-09T00:36:50Z,1055000,False,-7.0,24.0,1,right,MISS W. Carter Jr. driving Layup - blocked,"[1628976, 1626167]",1610612753.0,ORL,driving,,,Carter Jr.,W. Carter Jr.,,,,,Restricted Area,0-8 Center,,,,,,Missed,,,,,2.47,,,,,,,,Turner,1626167.0
158,PT03M03.00S,2026-03-09T00:27:20.3Z,1,REGULAR,block,,[],1626167,,,1610612753,9,14,2026-03-09T00:36:50Z,1057500,False,,,0,,M. Turner BLOCK (1 BLK),[1626167],1610612749.0,MIL,,,,Turner,M. Turner,,,,,Restricted Area,0-8 Center,,,,,,,,,,,,,,,,,,,,
159,PT03M03.00S,2026-03-09T00:27:20.3Z,1,REGULAR,rebound,offensive,[],1628976,,,1610612753,9,14,2026-03-09T00:36:50Z,1058750,False,,,0,,W. Carter Jr. REBOUND (Off:1 Def:2),[1628976],1610612753.0,ORL,,,,Carter Jr.,W. Carter Jr.,,,,,Restricted Area,0-8 Center,,,,,,,,,,,,157.0,3.0,2.0,1.0,,,,,
107,PT02M57.00S,2026-03-09T00:27:22.2Z,1,REGULAR,3pt,Jump Shot,['2ndchance'],1628975,94.82588699080158,96.32352941176471,1610612753,9,17,2026-03-09T00:36:50Z,1060000,False,232.0,-4.0,1,right,J. Carter 3PT  (3 PTS) (W. Carter Jr. 2 AST),"[1628975, 1628976]",1610612753.0,ORL,,,,Carter,J. Carter,,,,,Right Corner 3,24+ Right,,,,,,Made,3.0,,,,23.16,,,,,W. Carter Jr.,1628976.0,2.0,,
109,PT02M38.00S,2026-03-09T00:27:41.2Z,1,REGULAR,2pt,Jump Shot,[],1626171,19.004599211563733,67.8921568627451,1610612749,9,17,2026-03-09T00:27:48Z,1080000,False,-89.0,126.0,1,left,MISS B. Portis 15' fadeaway Shot,[1626171],1610612749.0,MIL,fadeaway,,,Portis,B. Portis,,,,,Mid-Range,8-16 Left,,,,,,Missed,,,,,15.46,,,,,,,,,
110,PT02M35.00S,2026-03-09T00:27:44.2Z,1,REGULAR,rebound,defensive,[],1628975,,,1610612753,9,17,2026-03-09T00:27:48Z,1090000,False,,,0,,J. Carter REBOUND (Off:0 Def:1),[1628975],1610612753.0,ORL,,,,Carter,J. Carter,,,,,Mid-Range,8-16 Left,,,,,,,,,,,,109.0,1.0,1.0,0.0,,,,,
111,PT02M27.00S,2026-03-09T00:27:55.8Z,1,REGULAR,foul,personal,['2freethrow'],1631250,,,1610612753,9,17,2026-03-09T00:31:20Z,1100000,False,,,0,,P. Nance shooting personal FOUL (1 PF) (Banchero 2 FT),"[1631250, 1631094]",1610612749.0,MIL,shooting,,,Nance,P. Nance,,,,,In The Paint (Non-RA),0-8 Center,2004.0,1.0,1.0,Banchero,1631094.0,,,,,,,,,,,,,,,
113,PT02M27.00S,2026-03-09T00:28:21.2Z,1,REGULAR,timeout,full,"['team', 'mandatory']",0,,,1610612753,9,17,2026-03-09T00:28:21Z,1120000,False,,,0,,ORL Timeout,[],1610612753.0,ORL,,,,,,,,,,,,,,,,,,,,,,,,,,,,,,,
119,PT02M27.00S,2026-03-09T00:30:29.8Z,1,REGULAR,substitution,out,[],1626167,,,1610612753,9,17,2026-03-09T00:31:15Z,1130000,False,,,0,,SUB out: M. Turner,[1626167],1610612749.0,MIL,,,,Turner,M. Turner,,,,,,,,,,,,,,,,,,,,,,,,,,
120,PT02M27.00S,2026-03-09T00:30:29.8Z,1,REGULAR,substitution,out,[],1628976,,,1610612753,9,17,2026-03-09T00:31:15Z,1140000,False,,,0,,SUB out: W. Carter Jr.,[1628976],1610612753.0,ORL,,,,Carter Jr.,W. Carter Jr.,,,,,,,,,,,,,,,,,,,,,,,,,,
121,PT02M27.00S,2026-03-09T00:30:29.8Z,1,REGULAR,substitution,in,[],1630579,,,1610612753,9,17,2026-03-09T00:31:15Z,1150000,False,,,0,,SUB in: J. Sims,[1630579],1610612749.0,MIL,,,,Sims,J. Sims,,,,,,,,,,,,,,,,,,,,,,,,,,
122,PT02M27.00S,2026-03-09T00:30:29.8Z,1,REGULAR,substitution,in,[],1629021,,,1610612753,9,17,2026-03-09T00:31:15Z,1160000,False,,,0,,SUB in: M. Wagner,[1629021],1610612753.0,ORL,,,,Wagner,M. Wagner,,,,,,,,,,,,,,,,,,,,,,,,,,
123,PT02M27.00S,2026-03-09T00:31:27.9Z,1,REGULAR,freethrow,1 of 2,[],1631094,,,1610612753,9,18,2026-03-09T00:32:01Z,1170000,False,,,0,,P. Banchero Free Throw 1 of 2 (5 PTS),[1631094],1610612753.0,ORL,,,,Banchero,P. Banchero,,,,,,,,,,,,Made,5.0,,,,,,,,,,,,,
124,PT02M27.00S,2026-03-09T00:31:27.9Z,1,REGULAR,freethrow,2 of 2,[],1631094,,,1610612753,9,18,2026-03-09T00:32:01Z,1180000,False,,,0,,MISS P. Banchero Free Throw 2 of 2,[1631094],1610612753.0,ORL,,,,Banchero,P. Banchero,,,,,,,,,,,,Missed,,,,,,,,,,,,,,
125,PT02M24.00S,2026-03-09T00:31:30.9Z,1,REGULAR,rebound,defensive,[],1626171,,,1610612749,9,18,2026-03-09T00:32:01Z,1190000,False,,,0,,B. Portis REBOUND (Off:0 Def:4),[1626171],1610612749.0,MIL,,,,Portis,B. Portis,,,,,,,,,,,,,,,,,,124.0,4.0,4.0,0.0,,,,,
126,PT02M06.00S,2026-03-09T00:32:03.8Z,1,REGULAR,3pt,Jump Shot,[],1629018,22.339027595269382,9.336703431372548,1610612749,9,18,2026-03-09T00:32:13Z,1200000,False,203.0,157.0,1,left,MISS G. Trent Jr. 25' 3PT,[1629018],1610612749.0,MIL,,,,Trent Jr.,G. Trent Jr.,,,,,Above the Break 3,24+ Right Center,,,,,,Missed,,,,,25.72,,,,,,,,,
127,PT02M03.00S,2026-03-09T00:32:06.8Z,1,REGULAR,rebound,offensive,[],1626171,,,1610612749,9,18,2026-03-09T00:32:13Z,1210000,False,,,0,,B. Portis REBOUND (Off:1 Def:4),[1626171],1610612749.0,MIL,,,,Portis,B. Portis,,,,,Above the Break 3,24+ Right Center,,,,,,,,,,,,126.0,5.0,4.0,1.0,,,,,
128,PT02M01.00S,2026-03-09T00:32:08.7Z,1,REGULAR,2pt,Jump Shot,['2ndchance'],1626171,12.565703022339028,70.58823529411765,1610612749,11,18,2026-03-09T00:32:17Z,1220000,False,-103.0,66.0,1,left,B. Portis 12' floating Jump Shot (2 PTS),[1626171],1610612749.0,MIL,floating,,,Portis,B. Portis,,,,,Mid-Range,8-16 Left,,,,,,Made,2.0,,,,12.2,,,,,,,,,
129,PT01M33.00S,2026-03-09T00:32:36.0Z,1,REGULAR,2pt,Jump Shot,[],1631094,77.21747700394218,72.05882352941177,1610612753,11,20,2026-03-09T00:32:41Z,1230000,False,110.0,162.0,1,right,P. Banchero 19' step back Jump Shot (7 PTS),[1631094],1610612753.0,ORL,step back,,,Banchero,P. Banchero,,,,,Mid-Range,16-24 Right Center,,,,,,Made,7.0,,,,19.57,,,,,,,,,
130,PT01M16.00S,2026-03-09T00:32:54.0Z,1,REGULAR,2pt,Jump Shot,[],1626171,8.09789750328515,78.67647058823529,1610612749,11,20,2026-03-09T00:32:59Z,1240000,False,-143.0,24.0,1,left,MISS B. Portis 14' turnaround fadeaway Shot,[1626171],1610612749.0,MIL,turnaround fadeaway,,,Portis,B. Portis,,,,,Mid-Range,8-16 Left,,,,,,Missed,,,,,14.53,,,,,,,,,
131,PT01M12.00S,2026-03-09T00:32:58.0Z,1,REGULAR,rebound,defensive,[],1641724,,,1610612753,11,20,2026-03-09T00:32:59Z,1250000,False,,,0,,J. Howard REBOUND (Off:0 Def:1),[1641724],1610612753.0,ORL,,,,Howard,J. Howard,,,,,Mid-Range,8-16 Left,,,,,,,,,,,,130.0,1.0,1.0,0.0,,,,,
132,PT01M09.00S,2026-03-09T00:33:00.7Z,1,REGULAR,2pt,Layup,"['pointsinthepaint', 'fastbreak']",1641724,93.11760840998686,50.98039215686274,1610612753,11,22,2026-03-09T00:33:07Z,1260000,False,5.0,12.0,1,right,J. Howard running Layup (2 PTS),[1641724],1610612753.0,ORL,running,,,Howard,J. Howard,,,,,Restricted Area,0-8 Center,,,,,,Made,2.0,,,,1.31,,,,,,,,,
133,PT00M57.20S,2026-03-09T00:33:14.8Z,1,REGULAR,2pt,Jump Shot,['pointsinthepaint'],1629018,6.389618922470433,37.99019607843137,1610612749,13,22,2026-03-09T00:33:20Z,1270000,False,60.0,8.0,1,left,G. Trent Jr. 6' driving floating Jump Shot (2 PTS) (J. Sims 2 AST),"[1629018, 1630579]",1610612749.0,MIL,driving floating,,,Trent Jr.,G. Trent Jr.,,,,,In The Paint (Non-RA),0-8 Center,,,,,,Made,2.0,,,,6.05,,,,,J. Sims,1630579.0,2.0,,
135,PT00M51.20S,2026-03-09T00:33:24.3Z,1,REGULAR,foul,personal,[],1626171,,,1610612753,13,22,2026-03-09T00:33:40Z,1290000,False,,,0,,B. Portis personal FOUL (1 PF),"[1626171, 1641724]",1610612749.0,MIL,,,,Portis,B. Portis,,,,,In The Paint (Non-RA),8-16 Left,201245.0,1.0,0.0,Howard,1641724.0,,,,,,,,,,,,,,,
137,PT00M51.20S,2026-03-09T00:33:34.9Z,1,REGULAR,substitution,out,[],1631250,,,1610612753,13,22,2026-03-09T00:33:44Z,1310000,False,,,0,,SUB out: P. Nance,[1631250],1610612749.0,MIL,,,,Nance,P. Nance,,,,,,,,,,,,,,,,,,,,,,,,,,
138,PT00M51.20S,2026-03-09T00:33:34.9Z,1,REGULAR,substitution,out,[],1631094,,,1610612753,13,22,2026-03-09T00:33:44Z,1320000,False,,,0,,SUB out: P. Banchero,[1631094],1610612753.0,ORL,,,,Banchero,P. Banchero,,,,,,,,,,,,,,,,,,,,,,,,,,
139,PT00M51.20S,2026-03-09T00:33:34.9Z,1,REGULAR,substitution,in,[],1630560,,,1610612753,13,22,2026-03-09T00:33:44Z,1330000,False,,,0,,SUB in: C. Thomas,[1630560],1610612749.0,MIL,,,,Thomas,C. Thomas,,,,,,,,,,,,,,,,,,,,,,,,,,
140,PT00M51.20S,2026-03-09T00:33:34.9Z,1,REGULAR,substitution,in,[],1642869,,,1610612753,13,22,2026-03-09T00:33:44Z,1340000,False,,,0,,SUB in: N. Penda,[1642869],1610612753.0,ORL,,,,Penda,N. Penda,,,,,,,,,,,,,,,,,,,,,,,,,,
141,PT00M43.90S,2026-03-09T00:34:13.6Z,1,REGULAR,3pt,Jump Shot,[],1630217,69.99014454664915,21.813725490196077,1610612753,13,22,2026-03-09T00:41:09Z,1350000,False,-141.0,230.0,1,right,MISS D. Bane 26' pullup 3PT,[1630217],1610612753.0,ORL,pullup,,,Bane,D. Bane,,,,,Above the Break 3,24+ Left Center,,,,,,Missed,,,,,26.94,,,,,,,,,
142,PT00M41.10S,2026-03-09T00:34:16.4Z,1,REGULAR,rebound,offensive,[],1630217,,,1610612753,13,22,2026-03-09T00:34:20Z,1360000,False,,,0,,D. Bane REBOUND (Off:1 Def:2),[1630217],1610612753.0,ORL,,,,Bane,D. Bane,,,,,Above the Break 3,24+ Left Center,,,,,,,,,,,,141.0,3.0,2.0,1.0,,,,,
143,PT00M39.50S,2026-03-09T00:34:18.8Z,1,REGULAR,3pt,Jump Shot,['2ndchance'],1641724,96.27135348226018,95.34313725490196,1610612753,13,25,2026-03-09T00:34:56Z,1370000,False,227.0,-17.0,1,right,J. Howard 3PT  (5 PTS) (D. Bane 1 AST),"[1641724, 1630217]",1610612753.0,ORL,,,,Howard,J. Howard,,,,,Right Corner 3,24+ Right,,,,,,Made,5.0,,,,22.74,,,,,D. Bane,1630217.0,1.0,,
145,PT00M27.70S,2026-03-09T00:35:00.2Z,1,REGULAR,3pt,Jump Shot,[],1629018,9.674770039421814,2.941176470588235,1610612749,13,25,2026-03-09T00:35:05Z,1390000,False,235.0,38.0,1,left,MISS G. Trent Jr. 3PT,[1629018],1610612749.0,MIL,,,,Trent Jr.,G. Trent Jr.,,,,,Right Corner 3,24+ Right,,,,,,Missed,,,,,23.84,,,,,,,,,
146,PT00M26.60S,2026-03-09T00:35:01.3Z,1,REGULAR,rebound,offensive,[],1626171,,,1610612749,13,25,2026-03-09T00:35:05Z,1400000,False,,,0,,B. Portis REBOUND (Off:2 Def:4),[1626171],1610612749.0,MIL,,,,Portis,B. Portis,,,,,Right Corner 3,24+ Right,,,,,,,,,,,,145.0,6.0,4.0,2.0,,,,,
147,PT00M26.60S,2026-03-09T00:35:04.5Z,1,REGULAR,2pt,Hook,"['pointsinthepaint', '2ndchance']",1626171,5.995400788436268,49.50980392156863,1610612749,15,25,2026-03-09T00:35:43Z,1410000,False,2.0,4.0,1,left,B. Portis Hook (4 PTS),[1626171],1610612749.0,MIL,,,,Portis,B. Portis,,,,,Restricted Area,0-8 Center,,,,,,Made,4.0,,,,0.46,,,,,,,,,
148,PT00M26.60S,2026-03-09T00:35:08.4Z,1,REGULAR,foul,personal,['1freethrow'],1641724,,,1610612749,15,25,2026-03-09T00:35:19Z,1420000,False,,,0,,J. Howard shooting personal FOUL (1 PF) (Portis 1 FT),"[1641724, 1626171]",1610612753.0,ORL,shooting,,,Howard,J. Howard,,,,,Restricted Area,0-8 Center,201245.0,1.0,0.0,Portis,1626171.0,,,,,,,,,,,,,,,
150,PT00M26.60S,2026-03-09T00:35:40.0Z,1,REGULAR,freethrow,1 of 1,['2ndchance'],1626171,,,1610612749,15,25,2026-03-09T00:35:47Z,1440000,False,,,0,,MISS B. Portis Free Throw 1 of 1,[1626171],1610612749.0,MIL,,,,Portis,B. Portis,,,,,,,,,,,,Missed,,,,,,,,,,,,,,
151,PT00M24.10S,2026-03-09T00:35:42.5Z,1,REGULAR,rebound,defensive,[],1629021,,,1610612753,15,25,2026-03-09T00:35:47Z,1450000,False,,,0,,M. Wagner REBOUND (Off:0 Def:1),[1629021],1610612753.0,ORL,,,,Wagner,M. Wagner,,,,,,,,,,,,,,,,,,150.0,1.0,1.0,0.0,,,,,
152,PT00M07.60S,2026-03-09T00:35:59.9Z,1,REGULAR,turnover,bad pass,[],1630217,,,1610612753,15,25,2026-03-09T00:36:36Z,1460000,False,,,0,,D. Bane bad pass TURNOVER (1 TO),"[1630217, 1631172]",1610612753.0,ORL,,,,Bane,D. Bane,,,,,Mid-Range,16-24 Right Center,,,,,,,,1.0,Dieng,1631172.0,,,,,,,,,,
153,PT00M07.60S,2026-03-09T00:35:59.9Z,1,REGULAR,steal,,[],1631172,,,1610612749,15,25,2026-03-09T00:36:03Z,1470000,False,,,0,,O. Dieng STEAL (1 STL),[1631172],1610612749.0,MIL,,,,Dieng,O. Dieng,,,,,Mid-Range,16-24 Right Center,,,,,,,,,,,,,,,,,,,,
154,PT00M02.00S,2026-03-09T00:36:05.5Z,1,REGULAR,3pt,Jump Shot,['fromturnover'],1629018,10.85742444152431,3.6764705882352944,1610612749,15,25,2026-03-09T00:45:06Z,1480000,False,232.0,50.0,1,left,MISS G. Trent Jr. 3PT,[1629018],1610612749.0,MIL,,,,Trent Jr.,G. Trent Jr.,,,,,Right Corner 3,24+ Right,,,,,,Missed,,,,,23.69,,,,,,,,,
155,PT00M01.00S,2026-03-09T00:36:06.5Z,1,REGULAR,rebound,offensive,['team'],0,,,1610612749,15,25,2026-03-09T00:36:43Z,1490000,False,,,0,,TEAM offensive REBOUND,[],1610612749.0,MIL,,,,,,,,,,Right Corner 3,24+ Right,,,,,,,,,,,,154.0,,,,,,,,
156,PT00M00.00S,2026-03-09T00:36:34.8Z,1,REGULAR,period,end,[],0,,,1610612749,15,25,2026-03-09T00:36:34Z,1500000,False,,,0,,Period End,[],,,,,,,,,,,,,,,,,,,,,,,,,,,,,,,,,
160,PT12M00.00S,2026-03-09T00:38:15.7Z,2,REGULAR,substitution,out,['startperiod'],1628975,,,1610612749,15,25,2026-03-09T00:38:56Z,1510000,False,,,0,,SUB out: J. Carter,[1628975],1610612753.0,ORL,,,,Carter,J. Carter,,,,,,,,,,,,,,,,,,,,,,,,,,
161,PT12M00.00S,2026-03-09T00:38:15.7Z,2,REGULAR,substitution,in,['startperiod'],1630591,,,1610612749,15,25,2026-03-09T00:38:56Z,1520000,False,,,0,,SUB in: J. Suggs,[1630591],1610612753.0,ORL,,,,Suggs,J. Suggs,,,,,,,,,,,,,,,,,,,,,,,,,,
162,PT12M00.00S,2026-03-09T00:38:47.4Z,2,REGULAR,period,start,[],0,,,1610612749,15,25,2026-03-09T00:38:56Z,1530000,False,,,0,,Period Start,[],,,,,,,,,,,,,,,,,,,,,,,,,,,,,,,,,
163,PT11M46.00S,2026-03-09T00:39:01.1Z,2,REGULAR,3pt,Jump Shot,[],1626171,31.568249014454665,68.16023284313727,1610612749,18,25,2026-03-09T00:39:09Z,1540000,False,-91.0,244.0,1,left,B. Portis 26' 3PT  (7 PTS) (C. Thomas 1 AST),"[1626171, 1630560]",1610612749.0,MIL,,,,Portis,B. Portis,,,,,Above the Break 3,24+ Left Center,,,,,,Made,7.0,,,,26.05,,,,,C. Thomas,1630560.0,1.0,,
165,PT11M19.00S,2026-03-09T00:39:27.1Z,2,REGULAR,3pt,Jump Shot,[],1642869,72.22404730617609,14.950980392156863,1610612753,18,28,2026-03-09T00:39:32Z,1560000,False,-175.0,209.0,1,right,N. Penda 27' 3PT step back (3 PTS) (D. Bane 2 AST),"[1642869, 1630217]",1610612753.0,ORL,step back,,,Penda,N. Penda,,,,,Above the Break 3,24+ Left Center,,,,,,Made,3.0,,,,27.24,,,,,D. Bane,1630217.0,2.0,,
167,PT10M56.00S,2026-03-09T00:39:50.5Z,2,REGULAR,2pt,Jump Shot,[],1630560,4.02431011826544,77.94117647058823,1610612749,18,28,2026-03-09T00:39:56Z,1580000,False,-140.0,-15.0,1,left,MISS C. Thomas 14' pullup Shot,[1630560],1610612749.0,MIL,pullup,,,Thomas,C. Thomas,,,,,Mid-Range,8-16 Left,,,,,,Missed,,,,,14.05,,,,,,,,,
168,PT10M53.00S,2026-03-09T00:39:53.5Z,2,REGULAR,rebound,defensive,[],1629021,,,1610612753,18,28,2026-03-09T00:39:56Z,1590000,False,,,0,,M. Wagner REBOUND (Off:0 Def:2),[1629021],1610612753.0,ORL,,,,Wagner,M. Wagner,,,,,Mid-Range,8-16 Left,,,,,,,,,,,,167.0,2.0,2.0,0.0,,,,,
169,PT10M43.00S,2026-03-09T00:40:03.3Z,2,REGULAR,2pt,Layup,['pointsinthepaint'],1630217,92.72339027595268,53.67647058823529,1610612753,18,30,2026-03-09T00:40:08Z,1600000,False,18.0,16.0,1,right,D. Bane driving Layup (5 PTS) (J. Howard 1 AST),"[1630217, 1641724]",1610612753.0,ORL,driving,,,Bane,D. Bane,,,,,Restricted Area,0-8 Center,,,,,,Made,5.0,,,,2.43,,,,,J. Howard,1641724.0,1.0,,
171,PT10M33.00S,2026-03-09T00:40:13.8Z,2,REGULAR,2pt,DUNK,['pointsinthepaint'],1630579,6.438896189224705,48.184742647058826,1610612749,20,30,2026-03-09T00:40:26Z,1620000,False,9.0,8.0,1,left,J. Sims alley-oop DUNK (2 PTS) (O. Dieng 1 AST),"[1630579, 1631172]",1610612749.0,MIL,alley-oop,,,Sims,J. Sims,,,,,Restricted Area,0-8 Center,,,,,,Made,2.0,,,,1.21,,,,,O. Dieng,1631172.0,1.0,,
173,PT10M06.00S,2026-03-09T00:40:40.2Z,2,REGULAR,2pt,Layup,['pointsinthepaint'],1642869,93.77463863337714,51.225490196078425,1610612753,20,32,2026-03-09T00:40:46Z,1640000,False,6.0,6.0,1,right,N. Penda cutting Layup (5 PTS) (D. Bane 3 AST),"[1642869, 1630217]",1610612753.0,ORL,cutting,,,Penda,N. Penda,,,,,Restricted Area,0-8 Center,,,,,,Made,5.0,,,,0.86,,,,,D. Bane,1630217.0,3.0,,
175,PT09M54.00S,2026-03-09T00:40:52.4Z,2,REGULAR,2pt,DUNK,['pointsinthepaint'],1630579,5.601182654402102,50.245098039215684,1610612749,22,32,2026-03-09T00:40:57Z,1660000,False,-1.0,0.0,1,left,J. Sims cutting DUNK (4 PTS) (O. Dieng 2 AST),"[1630579, 1631172]",1610612749.0,MIL,cutting,,,Sims,J. Sims,,,,,Restricted Area,0-8 Center,,,,,,Made,4.0,,,,0.12,,,,,O. Dieng,1631172.0,2.0,,
177,PT09M37.00S,2026-03-09T00:41:10.1Z,2,REGULAR,2pt,Jump Shot,[],1630591,84.57621550591328,25.49019607843137,1610612753,22,34,2026-03-09T00:41:19Z,1680000,False,-123.0,92.0,1,right,J. Suggs 15' floating Jump Shot (4 PTS),[1630591],1610612753.0,ORL,floating,,,Suggs,J. Suggs,,,,,Mid-Range,8-16 Left,,,,,,Made,4.0,,,,15.35,,,,,,,,,
178,PT09M18.00S,2026-03-09T00:41:27.8Z,2,REGULAR,2pt,Jump Shot,['pointsinthepaint'],1631172,15.982260183968464,52.20588235294118,1610612749,22,34,2026-03-09T00:41:42Z,1690000,False,-11.0,98.0,1,left,MISS O. Dieng 9' turnaround fadeaway bank Shot,[1631172],1610612749.0,MIL,turnaround fadeaway bank,,,Dieng,O. Dieng,,,,,In The Paint (Non-RA),8-16 Center,,,,,,Missed,,,,,9.83,,,,,,,,,
179,PT09M18.00S,2026-03-09T00:41:27.8Z,2,REGULAR,rebound,defensive,[],1629021,,,1610612753,22,34,2026-03-09T00:41:42Z,1700000,False,,,0,,M. Wagner REBOUND (Off:0 Def:3),[1629021],1610612753.0,ORL,,,,Wagner,M. Wagner,,,,,In The Paint (Non-RA),8-16 Center,,,,,,,,,,,,178.0,3.0,3.0,0.0,,,,,
180,PT09M12.00S,2026-03-09T00:41:35.6Z,2,REGULAR,2pt,Layup,"['fastbreak', 'pointsinthepaint']",1630217,93.11760840998686,50.49019607843137,1610612753,22,36,2026-03-09T00:49:56Z,1710000,False,2.0,12.0,1,right,D. Bane running Layup (7 PTS),[1630217],1610612753.0,ORL,running,,,Bane,D. Bane,,,,,Restricted Area,0-8 Center,,,,,,Made,7.0,,,,1.25,,,,,,,,,
181,PT09M12.00S,2026-03-09T00:41:39.7Z,2,REGULAR,foul,personal,['1freethrow'],1631172,,,1610612753,22,36,2026-03-09T00:41:49Z,1720000,False,,,0,,O. Dieng shooting personal FOUL (1 PF) (Bane 1 FT),"[1631172, 1630217]",1610612749.0,MIL,shooting,,,Dieng,O. Dieng,,,,,Restricted Area,0-8 Center,2004.0,1.0,0.0,Bane,1630217.0,,,,,,,,,,,,,,,
183,PT09M12.00S,2026-03-09T00:42:10.3Z,2,REGULAR,freethrow,1 of 1,['fastbreak'],1630217,,,1610612753,22,37,2026-03-09T00:42:10Z,1740000,False,,,0,,D. Bane Free Throw 1 of 1 (8 PTS),[1630217],1610612753.0,ORL,,,,Bane,D. Bane,,,,,,,,,,,,Made,8.0,,,,,,,,,,,,,
184,PT09M01.00S,2026-03-09T00:42:24.3Z,2,REGULAR,2pt,Layup,['pointsinthepaint'],1630560,6.258212877792378,50.49019607843137,1610612749,24,37,2026-03-09T00:42:30Z,1750000,False,-2.0,6.0,1,left,C. Thomas driving finger roll Layup (2 PTS),[1630560],1610612749.0,MIL,driving finger roll,,,Thomas,C. Thomas,,,,,Restricted Area,0-8 Center,,,,,,Made,2.0,,,,0.68,,,,,,,,,
185,PT09M01.00S,2026-03-09T00:42:28.6Z,2,REGULAR,foul,personal,['1freethrow'],1630591,,,1610612749,24,37,2026-03-09T00:42:49Z,1760000,False,,,0,,J. Suggs shooting personal FOUL (1 PF) (Thomas 1 FT),"[1630591, 1630560]",1610612753.0,ORL,shooting,,,Suggs,J. Suggs,,,,,Restricted Area,0-8 Center,2004.0,1.0,0.0,Thomas,1630560.0,,,,,,,,,,,,,,,
187,PT09M01.00S,2026-03-09T00:42:50.9Z,2,REGULAR,freethrow,1 of 1,[],1630560,,,1610612749,24,37,2026-03-09T00:43:03Z,1780000,False,,,0,,MISS C. Thomas Free Throw 1 of 1,[1630560],1610612749.0,MIL,,,,Thomas,C. Thomas,,,,,,,,,,,,Missed,,,,,,,,,,,,,,
188,PT09M00.00S,2026-03-09T00:42:51.9Z,2,REGULAR,rebound,defensive,[],1629021,,,1610612753,24,37,2026-03-09T00:43:03Z,1790000,False,,,0,,M. Wagner REBOUND (Off:0 Def:4),[1629021],1610612753.0,ORL,,,,Wagner,M. Wagner,,,,,,,,,,,,,,,,,,187.0,4.0,4.0,0.0,,,,,
189,PT08M46.00S,2026-03-09T00:43:01.8Z,2,REGULAR,3pt,Jump Shot,[],1642869,94.82588699080158,95.83333333333334,1610612753,24,37,2026-03-09T00:43:07Z,1800000,False,229.0,-4.0,1,right,MISS N. Penda 3PT,[1642869],1610612753.0,ORL,,,,Penda,N. Penda,,,,,Right Corner 3,24+ Right,,,,,,Missed,,,,,22.92,,,,,,,,,
190,PT08M44.00S,2026-03-09T00:43:03.8Z,2,REGULAR,rebound,defensive,[],1631172,,,1610612749,24,37,2026-03-09T00:43:07Z,1810000,False,,,0,,O. Dieng REBOUND (Off:1 Def:2),[1631172],1610612749.0,MIL,,,,Dieng,O. Dieng,,,,,Right Corner 3,24+ Right,,,,,,,,,,,,189.0,3.0,2.0,1.0,,,,,
191,PT08M28.00S,2026-03-09T00:43:19.8Z,2,REGULAR,2pt,DUNK,['pointsinthepaint'],1630579,6.521024967148489,51.9607843137255,1610612749,26,37,2026-03-09T00:43:25Z,1820000,False,-10.0,9.0,1,left,J. Sims alley-oop DUNK (6 PTS) (O. Dieng 3 AST),"[1630579, 1631172]",1610612749.0,MIL,alley-oop,,,Sims,J. Sims,,,,,Restricted Area,0-8 Center,,,,,,Made,6.0,,,,1.32,,,,,O. Dieng,1631172.0,3.0,,
193,PT08M24.00S,2026-03-09T00:43:27.6Z,2,REGULAR,foul,personal,['2freethrow'],1630579,,,1610612753,26,37,2026-03-09T00:43:36Z,1840000,False,,,0,,J. Sims shooting personal FOUL (1 PF) (Wagner 2 FT),"[1630579, 1629021]",1610612749.0,MIL,shooting,,,Sims,J. Sims,,,,,Restricted Area,0-8 Center,2004.0,1.0,0.0,Wagner,1629021.0,,,,,,,,,,,,,,,
195,PT08M24.00S,2026-03-09T00:44:03.5Z,2,REGULAR,freethrow,1 of 2,[],1629021,,,1610612753,26,38,2026-03-09T00:44:03Z,1860000,False,,,0,,M. Wagner Free Throw 1 of 2 (1 PTS),[1629021],1610612753.0,ORL,,,,Wagner,M. Wagner,,,,,,,,,,,,Made,1.0,,,,,,,,,,,,,
196,PT08M24.00S,2026-03-09T00:44:06.3Z,2,REGULAR,substitution,out,[],1630217,,,1610612753,26,38,2026-03-09T00:44:11Z,1870000,False,,,0,,SUB out: D. Bane,[1630217],1610612753.0,ORL,,,,Bane,D. Bane,,,,,,,,,,,,,,,,,,,,,,,,,,
197,PT08M24.00S,2026-03-09T00:44:06.3Z,2,REGULAR,substitution,in,[],1631094,,,1610612753,26,38,2026-03-09T00:44:11Z,1880000,False,,,0,,SUB in: P. Banchero,[1631094],1610612753.0,ORL,,,,Banchero,P. Banchero,,,,,,,,,,,,,,,,,,,,,,,,,,
198,PT08M24.00S,2026-03-09T00:44:28.4Z,2,REGULAR,freethrow,2 of 2,[],1629021,,,1610612753,26,39,2026-03-09T00:44:28Z,1890000,False,,,0,,M. Wagner Free Throw 2 of 2 (2 PTS),[1629021],1610612753.0,ORL,,,,Wagner,M. Wagner,,,,,,,,,,,,Made,2.0,,,,,,,,,,,,,
199,PT08M12.00S,2026-03-09T00:44:42.4Z,2,REGULAR,2pt,DUNK,['pointsinthepaint'],1630579,6.783837056504599,50.73529411764706,1610612749,28,39,2026-03-09T00:44:51Z,1900000,False,-4.0,11.0,1,left,J. Sims driving DUNK (8 PTS) (O. Dieng 4 AST),"[1630579, 1631172]",1610612749.0,MIL,driving,,,Sims,J. Sims,,,,,Restricted Area,0-8 Center,,,,,,Made,8.0,,,,1.19,,,,,O. Dieng,1631172.0,4.0,,
201,PT07M53.00S,2026-03-09T00:44:59.9Z,2,REGULAR,2pt,Jump Shot,['pointsinthepaint'],1631094,84.31340341655716,47.30392156862745,1610612753,28,41,2026-03-09T00:45:04Z,1920000,False,-13.0,95.0,1,right,P. Banchero 9' driving floating Jump Shot (9 PTS),[1631094],1610612753.0,ORL,driving floating,,,Banchero,P. Banchero,,,,,In The Paint (Non-RA),8-16 Center,,,,,,Made,9.0,,,,9.6,,,,,,,,,
202,PT07M36.00S,2026-03-09T00:45:17.1Z,2,REGULAR,2pt,Jump Shot,['pointsinthepaint'],1630560,17.559132720105126,45.09803921568628,1610612749,30,41,2026-03-09T00:45:23Z,1930000,False,25.0,113.0,1,left,C. Thomas 11' pullup Jump Shot (4 PTS),[1630560],1610612749.0,MIL,pullup,,,Thomas,C. Thomas,,,,,In The Paint (Non-RA),8-16 Center,,,,,,Made,4.0,,,,11.52,,,,,,,,,
203,PT07M31.00S,2026-03-09T00:45:25.3Z,2,REGULAR,turnover,out-of-bounds,[],1630591,,,1610612753,30,41,2026-03-09T00:45:34Z,1940000,False,,,0,,J. Suggs bad pass out-of-bounds TURNOVER (3 TO),[1630591],1610612753.0,ORL,bad pass,,,Suggs,J. Suggs,,,,,Above the Break 3,24+ Left Center,1628951.0,,,,,,,3.0,,,,,,,,,,,,
204,PT07M31.00S,2026-03-09T00:45:31.6Z,2,REGULAR,substitution,out,[],1641724,,,1610612749,30,41,2026-03-09T00:45:35Z,1950000,False,,,0,,SUB out: J. Howard,[1641724],1610612753.0,ORL,,,,Howard,J. Howard,,,,,,,,,,,,,,,,,,,,,,,,,,
205,PT07M31.00S,2026-03-09T00:45:31.6Z,2,REGULAR,substitution,in,[],1641783,,,1610612749,30,41,2026-03-09T00:45:35Z,1960000,False,,,0,,SUB in: T. da Silva,[1641783],1610612753.0,ORL,,,,da Silva,T. da Silva,,,,,,,,,,,,,,,,,,,,,,,,,,
206,PT07M18.00S,2026-03-09T00:45:53.1Z,2,REGULAR,turnover,lost ball,[],1630560,,,1610612749,30,41,2026-03-09T00:45:59Z,1970000,False,,,0,,C. Thomas lost ball TURNOVER (1 TO),"[1630560, 1642869]",1610612749.0,MIL,,,,Thomas,C. Thomas,,,,,Above the Break 3,24+ Right Center,,,,,,,,1.0,Penda,1642869.0,,,,,,,,,,
207,PT07M18.00S,2026-03-09T00:45:53.1Z,2,REGULAR,steal,,[],1642869,,,1610612753,30,41,2026-03-09T00:45:57Z,1980000,False,,,0,,N. Penda STEAL (1 STL),[1642869],1610612753.0,ORL,,,,Penda,N. Penda,,,,,Above the Break 3,24+ Right Center,,,,,,,,,,,,,,,,,,,,
208,PT07M12.00S,2026-03-09T00:46:04.2Z,2,REGULAR,foul,personal,['2freethrow'],1630579,,,1610612753,30,41,2026-03-09T00:46:15Z,1990000,False,,,0,,J. Sims shooting personal FOUL (2 PF) (Banchero 2 FT),"[1630579, 1631094]",1610612749.0,MIL,shooting,,,Sims,J. Sims,,,,,Mid-Range,8-16 Center,1628951.0,2.0,0.0,Banchero,1631094.0,,,,,,,,,,,,,,,
210,PT07M12.00S,2026-03-09T00:46:35.8Z,2,REGULAR,freethrow,1 of 2,['fromturnover'],1631094,,,1610612753,30,42,2026-03-09T00:46:35Z,2010000,False,,,0,,P. Banchero Free Throw 1 of 2 (10 PTS),[1631094],1610612753.0,ORL,,,,Banchero,P. Banchero,,,,,,,,,,,,Made,10.0,,,,,,,,,,,,,
211,PT07M12.00S,2026-03-09T00:46:35.8Z,2,REGULAR,freethrow,2 of 2,['fromturnover'],1631094,,,1610612753,30,42,2026-03-09T00:47:00Z,2020000,False,,,0,,MISS P. Banchero Free Throw 2 of 2,[1631094],1610612753.0,ORL,,,,Banchero,P. Banchero,,,,,,,,,,,,Missed,,,,,,,,,,,,,,
212,PT07M09.00S,2026-03-09T00:46:38.8Z,2,REGULAR,rebound,offensive,[],1642869,,,1610612753,30,42,2026-03-09T00:47:00Z,2030000,False,,,0,,N. Penda REBOUND (Off:1 Def:0),[1642869],1610612753.0,ORL,,,,Penda,N. Penda,,,,,,,,,,,,,,,,,,211.0,1.0,0.0,1.0,,,,,
213,PT07M05.00S,2026-03-09T00:47:04.0Z,2,REGULAR,2pt,Layup,"['pointsinthepaint', 'fromturnover', '2ndchance']",1631094,92.85479632063075,52.20588235294118,1610612753,30,44,2026-03-09T00:47:19Z,2040000,False,11.0,15.0,1,right,P. Banchero driving Layup (12 PTS) (N. Penda 1 AST),"[1631094, 1642869]",1610612753.0,ORL,driving,,,Banchero,P. Banchero,,,,,Restricted Area,0-8 Center,,,,,,Made,12.0,,,,1.84,,,,,N. Penda,1642869.0,1.0,,
215,PT07M05.00S,2026-03-09T00:47:11.5Z,2,REGULAR,timeout,full,"['team', 'mandatory']",0,,,1610612749,30,44,2026-03-09T00:47:11Z,2060000,False,,,0,,MIL Timeout,[],1610612749.0,MIL,,,,,,,,,,,,,,,,,,,,,,,,,,,,,,,
216,PT07M05.00S,2026-03-09T00:49:24.3Z,2,REGULAR,substitution,out,[],1629018,,,1610612749,30,44,2026-03-09T00:50:03Z,2070000,False,,,0,,SUB out: G. Trent Jr.,[1629018],1610612749.0,MIL,,,,Trent Jr.,G. Trent Jr.,,,,,,,,,,,,,,,,,,,,,,,,,,
217,PT07M05.00S,2026-03-09T00:49:24.3Z,2,REGULAR,substitution,out,[],1631172,,,1610612749,30,44,2026-03-09T00:50:03Z,2080000,False,,,0,,SUB out: O. Dieng,[1631172],1610612749.0,MIL,,,,Dieng,O. Dieng,,,,,,,,,,,,,,,,,,,,,,,,,,
218,PT07M05.00S,2026-03-09T00:49:24.3Z,2,REGULAR,substitution,out,[],1629021,,,1610612749,30,44,2026-03-09T00:50:03Z,2090000,False,,,0,,SUB out: M. Wagner,[1629021],1610612753.0,ORL,,,,Wagner,M. Wagner,,,,,,,,,,,,,,,,,,,,,,,,,,
219,PT07M05.00S,2026-03-09T00:49:24.3Z,2,REGULAR,substitution,in,[],1631260,,,1610612749,30,44,2026-03-09T00:50:03Z,2100000,False,,,0,,SUB in: A. Green,[1631260],1610612749.0,MIL,,,,Green,A. Green,,,,,,,,,,,,,,,,,,,,,,,,,,
220,PT07M05.00S,2026-03-09T00:49:24.3Z,2,REGULAR,substitution,in,[],1631157,,,1610612749,30,44,2026-03-09T00:50:03Z,2110000,False,,,0,,SUB in: R. Rollins,[1631157],1610612749.0,MIL,,,,Rollins,R. Rollins,,,,,,,,,,,,,,,,,,,,,,,,,,
221,PT07M05.00S,2026-03-09T00:49:24.3Z,2,REGULAR,substitution,in,[],1628976,,,1610612749,30,44,2026-03-09T00:50:03Z,2120000,False,,,0,,SUB in: W. Carter Jr.,[1628976],1610612753.0,ORL,,,,Carter Jr.,W. Carter Jr.,,,,,,,,,,,,,,,,,,,,,,,,,,
222,PT06M46.00S,2026-03-09T00:50:34.3Z,2,REGULAR,2pt,Hook,['pointsinthepaint'],1626171,13.354139290407357,48.28431372549019,1610612749,32,44,2026-03-09T00:50:40Z,2130000,False,9.0,73.0,1,left,B. Portis 7' driving Hook (9 PTS) (R. Rollins 1 AST),"[1626171, 1631157]",1610612749.0,MIL,driving,,,Portis,B. Portis,,,,,In The Paint (Non-RA),0-8 Center,,,,,,Made,9.0,,,,7.35,,,,,R. Rollins,1631157.0,1.0,,
224,PT06M34.00S,2026-03-09T00:50:46.9Z,2,REGULAR,2pt,Jump Shot,[],1630591,78.40013140604468,59.31372549019608,1610612753,32,44,2026-03-09T00:50:52Z,2150000,False,47.0,151.0,1,right,MISS J. Suggs 15' pullup Shot,[1630591],1610612753.0,ORL,pullup,,,Suggs,J. Suggs,,,,,Mid-Range,8-16 Center,,,,,,Missed,,,,,15.75,,,,,,,,,
225,PT06M31.00S,2026-03-09T00:50:49.9Z,2,REGULAR,rebound,defensive,[],1630579,,,1610612749,32,44,2026-03-09T00:50:52Z,2160000,False,,,0,,J. Sims REBOUND (Off:1 Def:4),[1630579],1610612749.0,MIL,,,,Sims,J. Sims,,,,,Mid-Range,8-16 Center,,,,,,,,,,,,224.0,5.0,4.0,1.0,,,,,
226,PT06M19.00S,2026-03-09T00:51:02.1Z,2,REGULAR,3pt,Jump Shot,[],1630560,33.459264126149804,52.20588235294118,1610612749,35,44,2026-03-09T00:51:07Z,2170000,False,-11.0,262.0,1,left,C. Thomas 26' 3PT step back (7 PTS) (B. Portis 2 AST),"[1630560, 1626171]",1610612749.0,MIL,step back,,,Thomas,C. Thomas,,,,,Above the Break 3,24+ Center,,,,,,Made,7.0,,,,26.22,,,,,B. Portis,1626171.0,2.0,,
228,PT06M03.00S,2026-03-09T00:51:17.3Z,2,REGULAR,2pt,DUNK,['pointsinthepaint'],1628976,94.03745072273325,51.71568627450981,1610612753,35,46,2026-03-09T00:51:22Z,2190000,False,9.0,4.0,1,right,W. Carter Jr. alley-oop DUNK (4 PTS) (T. da Silva 2 AST),"[1628976, 1641783]",1610612753.0,ORL,alley-oop,,,Carter Jr.,W. Carter Jr.,,,,,Restricted Area,0-8 Center,,,,,,Made,4.0,,,,0.93,,,,,T. da Silva,1641783.0,2.0,,
230,PT05M47.00S,2026-03-09T00:51:34.5Z,2,REGULAR,turnover,bad pass,[],1626171,,,1610612749,35,46,2026-03-09T00:51:40Z,2210000,False,,,0,,B. Portis bad pass TURNOVER (1 TO),"[1626171, 1630591]",1610612749.0,MIL,,,,Portis,B. Portis,,,,,Mid-Range,16-24 Left Center,,,,,,,,1.0,Suggs,1630591.0,,,,,,,,,,
231,PT05M47.00S,2026-03-09T00:51:34.5Z,2,REGULAR,steal,,[],1630591,,,1610612753,35,46,2026-03-09T00:51:37Z,2220000,False,,,0,,J. Suggs STEAL (1 STL),[1630591],1610612753.0,ORL,,,,Suggs,J. Suggs,,,,,Mid-Range,16-24 Left Center,,,,,,,,,,,,,,,,,,,,
232,PT05M41.00S,2026-03-09T00:51:39.0Z,2,REGULAR,2pt,DUNK,"['pointsinthepaint', 'fromturnover', 'fastbreak']",1630591,92.85479632063075,51.470588235294116,1610612753,35,48,2026-03-09T00:51:44Z,2230000,False,7.0,15.0,1,right,J. Suggs running DUNK (6 PTS),[1630591],1610612753.0,ORL,running,,,Suggs,J. Suggs,,,,,Restricted Area,0-8 Center,,,,,,Made,6.0,,,,1.65,,,,,,,,,
233,PT05M33.00S,2026-03-09T00:51:48.3Z,2,REGULAR,turnover,lost ball,[],1630560,,,1610612749,35,48,2026-03-09T00:51:54Z,2240000,False,,,0,,C. Thomas lost ball TURNOVER (2 TO),"[1630560, 1642869]",1610612749.0,MIL,,,,Thomas,C. Thomas,,,,,In The Paint (Non-RA),0-8 Center,,,,,,,,2.0,Penda,1642869.0,,,,,,,,,,
234,PT05M33.00S,2026-03-09T00:51:48.3Z,2,REGULAR,steal,,[],1642869,,,1610612753,35,48,2026-03-09T00:51:51Z,2250000,False,,,0,,N. Penda STEAL (2 STL),[1642869],1610612753.0,ORL,,,,Penda,N. Penda,,,,,In The Paint (Non-RA),0-8 Center,,,,,,,,,,,,,,,,,,,,
235,PT05M30.00S,2026-03-09T00:51:52.9Z,2,REGULAR,turnover,bad pass,[],1641783,,,1610612753,35,48,2026-03-09T00:54:12Z,2260000,False,,,0,,T. da Silva bad pass TURNOVER (1 TO),"[1641783, 1626171]",1610612753.0,ORL,,,,da Silva,T. da Silva,,,,,Above the Break 3,24+ Center,,,,,,,,1.0,Portis,1626171.0,,,,,,,,,,
236,PT05M30.00S,2026-03-09T00:51:52.9Z,2,REGULAR,steal,,[],1626171,,,1610612749,35,48,2026-03-09T00:51:56Z,2270000,False,,,0,,B. Portis STEAL (1 STL),[1626171],1610612749.0,MIL,,,,Portis,B. Portis,,,,,Above the Break 3,24+ Center,,,,,,,,,,,,,,,,,,,,
237,PT05M12.00S,2026-03-09T00:52:10.0Z,2,REGULAR,3pt,Jump Shot,['fromturnover'],1631260,25.18068331143233,12.009803921568627,1610612749,38,48,2026-03-09T00:52:16Z,2280000,False,190.0,184.0,1,left,A. Green 26' 3PT  (3 PTS) (C. Thomas 2 AST),"[1631260, 1630560]",1610612749.0,MIL,,,,Green,A. Green,,,,,Above the Break 3,24+ Right Center,,,,,,Made,3.0,,,,26.46,,,,,C. Thomas,1630560.0,2.0,,
239,PT05M12.00S,2026-03-09T00:52:15.0Z,2,REGULAR,foul,personal,['1freethrow'],1630591,,,1610612749,38,48,2026-03-09T00:53:02Z,2300000,False,,,0,,J. Suggs shooting personal FOUL (2 PF) (Green 1 FT),"[1630591, 1631260]",1610612753.0,ORL,shooting,,,Suggs,J. Suggs,,,,,Above the Break 3,24+ Right Center,1628951.0,2.0,0.0,Green,1631260.0,,,,,,,,,,,,,,,
241,PT05M12.00S,2026-03-09T00:52:26.0Z,2,REGULAR,substitution,out,[],1626171,,,1610612749,38,48,2026-03-09T00:52:50Z,2320000,False,,,0,,SUB out: B. Portis,[1626171],1610612749.0,MIL,,,,Portis,B. Portis,,,,,,,,,,,,,,,,,,,,,,,,,,
242,PT05M12.00S,2026-03-09T00:52:26.0Z,2,REGULAR,substitution,out,[],1630560,,,1610612749,38,48,2026-03-09T00:52:50Z,2330000,False,,,0,,SUB out: C. Thomas,[1630560],1610612749.0,MIL,,,,Thomas,C. Thomas,,,,,,,,,,,,,,,,,,,,,,,,,,
243,PT05M12.00S,2026-03-09T00:52:26.0Z,2,REGULAR,substitution,out,[],1630591,,,1610612749,38,48,2026-03-09T00:52:50Z,2340000,False,,,0,,SUB out: J. Suggs,[1630591],1610612753.0,ORL,,,,Suggs,J. Suggs,,,,,,,,,,,,,,,,,,,,,,,,,,
244,PT05M12.00S,2026-03-09T00:52:26.0Z,2,REGULAR,substitution,out,[],1642869,,,1610612749,38,48,2026-03-09T00:52:50Z,2350000,False,,,0,,SUB out: N. Penda,[1642869],1610612753.0,ORL,,,,Penda,N. Penda,,,,,,,,,,,,,,,,,,,,,,,,,,
245,PT05M12.00S,2026-03-09T00:52:26.0Z,2,REGULAR,substitution,in,[],1626167,,,1610612749,38,48,2026-03-09T00:52:50Z,2360000,False,,,0,,SUB in: M. Turner,[1626167],1610612749.0,MIL,,,,Turner,M. Turner,,,,,,,,,,,,,,,,,,,,,,,,,,
246,PT05M12.00S,2026-03-09T00:52:26.0Z,2,REGULAR,substitution,in,[],1631172,,,1610612749,38,48,2026-03-09T00:52:50Z,2370000,False,,,0,,SUB in: O. Dieng,[1631172],1610612749.0,MIL,,,,Dieng,O. Dieng,,,,,,,,,,,,,,,,,,,,,,,,,,
247,PT05M12.00S,2026-03-09T00:52:26.0Z,2,REGULAR,substitution,in,[],1628975,,,1610612749,38,48,2026-03-09T00:52:50Z,2380000,False,,,0,,SUB in: J. Carter,[1628975],1610612753.0,ORL,,,,Carter,J. Carter,,,,,,,,,,,,,,,,,,,,,,,,,,
248,PT05M12.00S,2026-03-09T00:52:26.0Z,2,REGULAR,substitution,in,[],1630217,,,1610612749,38,48,2026-03-09T00:52:50Z,2390000,False,,,0,,SUB in: D. Bane,[1630217],1610612753.0,ORL,,,,Bane,D. Bane,,,,,,,,,,,,,,,,,,,,,,,,,,
249,PT05M12.00S,2026-03-09T00:53:03.6Z,2,REGULAR,freethrow,1 of 1,['fromturnover'],1631260,,,1610612749,39,48,2026-03-09T00:53:03Z,2400000,False,,,0,,A. Green Free Throw 1 of 1 (4 PTS),[1631260],1610612749.0,MIL,,,,Green,A. Green,,,,,,,,,,,,Made,4.0,,,,,,,,,,,,,
250,PT05M03.00S,2026-03-09T00:53:15.6Z,2,REGULAR,foul,personal,['2freethrow'],1626167,,,1610612753,39,48,2026-03-09T00:53:43Z,2410000,False,,,0,,M. Turner shooting personal FOUL (1 PF) (Carter Jr. 2 FT),"[1626167, 1628976]",1610612749.0,MIL,shooting,,,Turner,M. Turner,,,,,In The Paint (Non-RA),0-8 Center,1628951.0,1.0,0.0,Carter Jr.,1628976.0,,,,,,,,,,,,,,,
252,PT05M03.00S,2026-03-09T00:53:44.2Z,2,REGULAR,freethrow,1 of 2,[],1628976,,,1610612753,39,49,2026-03-09T00:53:44Z,2430000,False,,,0,,W. Carter Jr. Free Throw 1 of 2 (5 PTS),[1628976],1610612753.0,ORL,,,,Carter Jr.,W. Carter Jr.,,,,,,,,,,,,Made,5.0,,,,,,,,,,,,,
253,PT05M03.00S,2026-03-09T00:54:01.5Z,2,REGULAR,freethrow,2 of 2,[],1628976,,,1610612753,39,50,2026-03-09T00:54:01Z,2440000,False,,,0,,W. Carter Jr. Free Throw 2 of 2 (6 PTS),[1628976],1610612753.0,ORL,,,,Carter Jr.,W. Carter Jr.,,,,,,,,,,,,Made,6.0,,,,,,,,,,,,,
254,PT04M49.00S,2026-03-09T00:54:17.7Z,2,REGULAR,2pt,Jump Shot,['pointsinthepaint'],1631157,17.0335085413929,55.88235294117647,1610612749,39,50,2026-03-09T00:54:23Z,2450000,False,-29.0,108.0,1,left,MISS R. Rollins 11' pullup Shot,[1631157],1610612749.0,MIL,pullup,,,Rollins,R. Rollins,,,,,In The Paint (Non-RA),8-16 Center,,,,,,Missed,,,,,11.15,,,,,,,,,
255,PT04M44.00S,2026-03-09T00:54:22.2Z,2,REGULAR,rebound,defensive,[],1628976,,,1610612753,39,50,2026-03-09T00:54:22Z,2460000,False,,,0,,W. Carter Jr. REBOUND (Off:1 Def:3),[1628976],1610612753.0,ORL,,,,Carter Jr.,W. Carter Jr.,,,,,In The Paint (Non-RA),8-16 Center,,,,,,,,,,,,254.0,4.0,3.0,1.0,,,,,
256,PT04M28.00S,2026-03-09T00:54:38.1Z,2,REGULAR,3pt,Jump Shot,[],1631094,66.96780551905388,33.57843137254902,1610612753,39,53,2026-03-09T00:58:38Z,2470000,False,-82.0,258.0,1,right,P. Banchero 27' 3PT pullup (15 PTS) (J. Carter 1 AST),"[1631094, 1628975]",1610612753.0,ORL,pullup,,,Banchero,P. Banchero,,,,,Above the Break 3,24+ Center,,,,,,Made,15.0,,,,27.07,,,,,J. Carter,1628975.0,1.0,,
258,PT04M12.00S,2026-03-09T00:54:54.2Z,2,REGULAR,turnover,bad pass,[],1631157,,,1610612749,39,53,2026-03-09T00:55:01Z,2490000,False,,,0,,R. Rollins bad pass TURNOVER (2 TO),"[1631157, 1641783]",1610612749.0,MIL,,,,Rollins,R. Rollins,,,,,Mid-Range,16-24 Left Center,,,,,,,,2.0,da Silva,1641783.0,,,,,,,,,,
259,PT04M12.00S,2026-03-09T00:54:54.2Z,2,REGULAR,steal,,[],1641783,,,1610612753,39,53,2026-03-09T00:54:57Z,2500000,False,,,0,,T. da Silva STEAL (1 STL),[1641783],1610612753.0,ORL,,,,da Silva,T. da Silva,,,,,Mid-Range,16-24 Left Center,,,,,,,,,,,,,,,,,,,,
260,PT04M09.00S,2026-03-09T00:54:59.6Z,2,REGULAR,2pt,Layup,"['fastbreak', 'pointsinthepaint', 'fromturnover']",1631094,93.24901445466492,50.98039215686274,1610612753,39,55,2026-03-09T00:55:20Z,2510000,False,5.0,11.0,1,right,P. Banchero running finger roll Layup (17 PTS) (T. da Silva 3 AST),"[1631094, 1641783]",1610612753.0,ORL,running finger roll,,,Banchero,P. Banchero,,,,,Restricted Area,0-8 Center,,,,,,Made,17.0,,,,1.2,,,,,T. da Silva,1641783.0,3.0,,
262,PT04M08.00S,2026-03-09T00:55:11.0Z,2,REGULAR,timeout,full,"['team', 'mandatory']",0,,,1610612749,39,55,2026-03-09T00:55:11Z,2530000,False,,,0,,MIL Timeout,[],1610612749.0,MIL,,,,,,,,,,,,,,,,,,,,,,,,,,,,,,,
263,PT03M54.00S,2026-03-09T00:58:29.3Z,2,REGULAR,foul,personal,[],1628976,,,1610612749,39,55,2026-03-09T01:02:39Z,2540000,False,,,0,,W. Carter Jr. personal FOUL (1 PF),"[1628976, 1626167]",1610612753.0,ORL,,,,Carter Jr.,W. Carter Jr.,,,,,Mid-Range,8-16 Center,1628951.0,1.0,0.0,Turner,1626167.0,,,,,,,,,,,,,,,
265,PT03M54.00S,2026-03-09T00:59:04.5Z,2,REGULAR,substitution,out,[],1630579,,,1610612749,39,55,2026-03-09T00:59:14Z,2560000,False,,,0,,SUB out: J. Sims,[1630579],1610612749.0,MIL,,,,Sims,J. Sims,,,,,,,,,,,,,,,,,,,,,,,,,,
266,PT03M54.00S,2026-03-09T00:59:04.5Z,2,REGULAR,substitution,out,[],1631260,,,1610612749,39,55,2026-03-09T00:59:14Z,2570000,False,,,0,,SUB out: A. Green,[1631260],1610612749.0,MIL,,,,Green,A. Green,,,,,,,,,,,,,,,,,,,,,,,,,,
267,PT03M54.00S,2026-03-09T00:59:04.5Z,2,REGULAR,substitution,in,[],1630560,,,1610612749,39,55,2026-03-09T00:59:14Z,2580000,False,,,0,,SUB in: C. Thomas,[1630560],1610612749.0,MIL,,,,Thomas,C. Thomas,,,,,,,,,,,,,,,,,,,,,,,,,,
268,PT03M54.00S,2026-03-09T00:59:04.5Z,2,REGULAR,substitution,in,[],1626171,,,1610612749,39,55,2026-03-09T00:59:14Z,2590000,False,,,0,,SUB in: B. Portis,[1626171],1610612749.0,MIL,,,,Portis,B. Portis,,,,,,,,,,,,,,,,,,,,,,,,,,
270,PT03M42.00S,2026-03-09T00:59:39.9Z,2,REGULAR,2pt,Jump Shot,[],1630560,5.995400788436268,79.90196078431373,1610612749,39,55,2026-03-09T00:59:44Z,2610000,False,-150.0,4.0,1,left,MISS C. Thomas 14' pullup Shot,[1630560],1610612749.0,MIL,pullup,,,Thomas,C. Thomas,,,,,Mid-Range,8-16 Left,,,,,,Missed,,,,,14.96,,,,,,,,,
271,PT03M38.00S,2026-03-09T00:59:43.9Z,2,REGULAR,rebound,defensive,[],1641783,,,1610612753,39,55,2026-03-09T00:59:44Z,2620000,False,,,0,,T. da Silva REBOUND (Off:1 Def:3),[1641783],1610612753.0,ORL,,,,da Silva,T. da Silva,,,,,Mid-Range,8-16 Left,,,,,,,,,,,,270.0,4.0,3.0,1.0,,,,,
272,PT03M21.00S,2026-03-09T01:00:00.7Z,2,REGULAR,2pt,Jump Shot,['pointsinthepaint'],1628976,81.8166885676741,37.00980392156863,1610612753,39,55,2026-03-09T01:00:06Z,2630000,False,-65.0,118.0,1,right,MISS W. Carter Jr. 13' turnaround fadeaway Shot,[1628976],1610612753.0,ORL,turnaround fadeaway,,,Carter Jr.,W. Carter Jr.,,,,,In The Paint (Non-RA),8-16 Center,,,,,,Missed,,,,,13.51,,,,,,,,,
273,PT03M17.00S,2026-03-09T01:00:04.7Z,2,REGULAR,rebound,defensive,[],1626171,,,1610612749,39,55,2026-03-09T01:00:06Z,2640000,False,,,0,,B. Portis REBOUND (Off:2 Def:5),[1626171],1610612749.0,MIL,,,,Portis,B. Portis,,,,,In The Paint (Non-RA),8-16 Center,,,,,,,,,,,,272.0,7.0,5.0,2.0,,,,,
274,PT03M12.00S,2026-03-09T01:00:09.6Z,2,REGULAR,3pt,Jump Shot,[],1626171,34.699408672798945,47.68305759803921,1610612749,42,55,2026-03-09T01:00:19Z,2650000,False,12.0,274.0,1,left,B. Portis 27' 3PT  (12 PTS) (C. Thomas 3 AST),"[1626171, 1630560]",1610612749.0,MIL,,,,Portis,B. Portis,,,,,Above the Break 3,24+ Center,,,,,,Made,12.0,,,,27.39,,,,,C. Thomas,1630560.0,3.0,,
276,PT02M51.00S,2026-03-09T01:00:29.7Z,2,REGULAR,3pt,Jump Shot,[],1628975,77.08607095926413,6.127450980392156,1610612753,42,55,2026-03-09T01:02:13Z,2670000,False,-219.0,163.0,1,right,MISS J. Carter 27' pullup 3PT,[1628975],1610612753.0,ORL,pullup,,,Carter,J. Carter,,,,,Above the Break 3,24+ Left Center,,,,,,Missed,,,,,27.33,,,,,,,,,
277,PT02M50.00S,2026-03-09T01:00:30.7Z,2,REGULAR,rebound,offensive,['team'],0,,,1610612753,42,55,2026-03-09T01:00:41Z,2680000,False,,,0,,TEAM offensive REBOUND,[],1610612753.0,ORL,,,,,,,,,,Above the Break 3,24+ Left Center,,,,,,,,,,,,276.0,,,,,,,,
279,PT02M46.00S,2026-03-09T01:00:46.5Z,2,REGULAR,3pt,Jump Shot,['2ndchance'],1630217,72.88107752956637,14.460784313725492,1610612753,42,55,2026-03-09T01:02:38Z,2700000,False,-178.0,202.0,1,right,MISS D. Bane 26' pullup 3PT,[1630217],1610612753.0,ORL,pullup,,,Bane,D. Bane,,,,,Above the Break 3,24+ Left Center,,,,,,Missed,,,,,26.93,,,,,,,,,
280,PT02M43.00S,2026-03-09T01:00:49.5Z,2,REGULAR,rebound,defensive,[],1630560,,,1610612749,42,55,2026-03-09T01:00:52Z,2710000,False,,,0,,C. Thomas REBOUND (Off:0 Def:1),[1630560],1610612749.0,MIL,,,,Thomas,C. Thomas,,,,,Above the Break 3,24+ Left Center,,,,,,,,,,,,279.0,1.0,1.0,0.0,,,,,
281,PT02M33.00S,2026-03-09T01:01:00.6Z,2,REGULAR,3pt,Jump Shot,[],1631157,4.812746386333772,96.07843137254902,1610612749,45,55,2026-03-09T01:01:11Z,2720000,False,-230.0,-7.0,1,left,R. Rollins 3PT  (5 PTS) (B. Portis 3 AST),"[1631157, 1626171]",1610612749.0,MIL,,,,Rollins,R. Rollins,,,,,Left Corner 3,24+ Left,,,,,,Made,5.0,,,,23.05,,,,,B. Portis,1626171.0,3.0,,
283,PT02M32.00S,2026-03-09T01:01:13.4Z,2,REGULAR,timeout,full,['team'],0,,,1610612753,45,55,2026-03-09T01:01:13Z,2740000,False,,,0,,ORL Timeout,[],1610612753.0,ORL,,,,,,,,,,,,,,,,,,,,,,,,,,,,,,,
284,PT02M32.00S,2026-03-09T01:02:41.1Z,2,REGULAR,substitution,out,[],1628975,,,1610612753,45,55,2026-03-09T01:02:56Z,2750000,False,,,0,,SUB out: J. Carter,[1628975],1610612753.0,ORL,,,,Carter,J. Carter,,,,,,,,,,,,,,,,,,,,,,,,,,
285,PT02M32.00S,2026-03-09T01:02:41.1Z,2,REGULAR,substitution,in,[],1630591,,,1610612753,45,55,2026-03-09T01:02:56Z,2760000,False,,,0,,SUB in: J. Suggs,[1630591],1610612753.0,ORL,,,,Suggs,J. Suggs,,,,,,,,,,,,,,,,,,,,,,,,,,
286,PT02M21.00S,2026-03-09T01:03:09.3Z,2,REGULAR,violation,kicked ball,[],1626171,,,1610612753,45,55,2026-03-09T01:03:14Z,2770000,False,,,0,,B. Portis kicked ball VIOLATION,[1626171],1610612749.0,MIL,,,,Portis,B. Portis,,,,,,,201245.0,,,,,,,,,,,,,,,,,,,
287,PT02M13.00S,2026-03-09T01:03:30.6Z,2,REGULAR,3pt,Jump Shot,[],1630591,71.09067017082786,10.071997549019608,1610612753,45,58,2026-03-09T01:03:40Z,2780000,False,-200.0,219.0,1,right,J. Suggs 29' 3PT  (9 PTS) (P. Banchero 2 AST),"[1630591, 1631094]",1610612753.0,ORL,,,,Suggs,J. Suggs,,,,,Above the Break 3,24+ Left Center,,,,,,Made,9.0,,,,29.65,,,,,P. Banchero,1631094.0,2.0,,
289,PT02M04.00S,2026-03-09T01:03:43.3Z,2,REGULAR,foul,personal,[],1630591,,,1610612749,45,58,2026-03-09T01:04:04Z,2800000,False,,,0,,J. Suggs personal FOUL (3 PF),"[1630591, 1631157]",1610612753.0,ORL,,,,Suggs,J. Suggs,,,,,Mid-Range,8-16 Left,1628951.0,3.0,0.0,Rollins,1631157.0,,,,,,,,,,,,,,,
291,PT02M04.00S,2026-03-09T01:03:54.9Z,2,REGULAR,substitution,out,[],1630591,,,1610612749,45,58,2026-03-09T01:03:58Z,2820000,False,,,0,,SUB out: J. Suggs,[1630591],1610612753.0,ORL,,,,Suggs,J. Suggs,,,,,,,,,,,,,,,,,,,,,,,,,,
292,PT02M04.00S,2026-03-09T01:03:54.9Z,2,REGULAR,substitution,in,[],1628975,,,1610612749,45,58,2026-03-09T01:03:58Z,2830000,False,,,0,,SUB in: J. Carter,[1628975],1610612753.0,ORL,,,,Carter,J. Carter,,,,,,,,,,,,,,,,,,,,,,,,,,
293,PT01M57.00S,2026-03-09T01:04:14.2Z,2,REGULAR,3pt,Jump Shot,[],1626171,30.831143232588698,76.22549019607843,1610612749,48,58,2026-03-09T01:04:19Z,2840000,False,-131.0,237.0,1,left,B. Portis 27' 3PT  (15 PTS) (C. Thomas 4 AST),"[1626171, 1630560]",1610612749.0,MIL,,,,Portis,B. Portis,,,,,Above the Break 3,24+ Left Center,,,,,,Made,15.0,,,,27.11,,,,,C. Thomas,1630560.0,4.0,,
295,PT01M38.00S,2026-03-09T01:04:32.3Z,2,REGULAR,3pt,Jump Shot,[],1631094,74.85216819973719,12.009803921568627,1610612753,48,61,2026-03-09T01:04:37Z,2860000,False,-190.0,184.0,1,right,P. Banchero 26' 3PT  (20 PTS) (D. Bane 4 AST),"[1631094, 1630217]",1610612753.0,ORL,,,,Banchero,P. Banchero,,,,,Above the Break 3,24+ Left Center,,,,,,Made,20.0,,,,26.44,,,,,D. Bane,1630217.0,4.0,,
297,PT01M21.00S,2026-03-09T01:04:49.1Z,2,REGULAR,3pt,Jump Shot,[],1626171,24.860381077529567,84.09160539215686,1610612749,51,61,2026-03-09T01:04:56Z,2880000,False,-170.0,181.0,1,left,B. Portis 24' 3PT  (18 PTS) (C. Thomas 5 AST),"[1626171, 1630560]",1610612749.0,MIL,,,,Portis,B. Portis,,,,,Above the Break 3,24+ Left Center,,,,,,Made,18.0,,,,24.88,,,,,C. Thomas,1630560.0,5.0,,
299,PT00M56.60S,2026-03-09T01:05:14.4Z,2,REGULAR,3pt,Jump Shot,[],1631094,68.9388961892247,25.98039215686275,1610612753,51,61,2026-03-09T01:05:24Z,2900000,False,-120.0,239.0,1,right,MISS P. Banchero 26' 3PT,[1631094],1610612753.0,ORL,,,,Banchero,P. Banchero,,,,,Above the Break 3,24+ Left Center,,,,,,Missed,,,,,26.79,,,,,,,,,
300,PT00M53.20S,2026-03-09T01:05:17.8Z,2,REGULAR,rebound,defensive,[],1631157,,,1610612749,51,61,2026-03-09T01:05:24Z,2910000,False,,,0,,R. Rollins REBOUND (Off:0 Def:1),[1631157],1610612749.0,MIL,,,,Rollins,R. Rollins,,,,,Above the Break 3,24+ Left Center,,,,,,,,,,,,299.0,1.0,1.0,0.0,,,,,
301,PT00M53.20S,2026-03-09T01:05:21.7Z,2,REGULAR,foul,personal,"['inpenalty', '2freethrow']",1641783,,,1610612749,51,61,2026-03-09T01:05:35Z,2920000,False,,,0,,T. da Silva personal FOUL (2 PF) (Rollins 2 FT),"[1641783, 1631157]",1610612753.0,ORL,,,,da Silva,T. da Silva,,,,,Above the Break 3,24+ Left Center,201245.0,2.0,0.0,Rollins,1631157.0,,,,,,,,,,,,,,,
303,PT00M53.20S,2026-03-09T01:05:57.5Z,2,REGULAR,freethrow,1 of 2,[],1631157,,,1610612749,52,61,2026-03-09T01:05:57Z,2940000,False,,,0,,R. Rollins Free Throw 1 of 2 (6 PTS),[1631157],1610612749.0,MIL,,,,Rollins,R. Rollins,,,,,,,,,,,,Made,6.0,,,,,,,,,,,,,
304,PT00M53.20S,2026-03-09T01:06:12.7Z,2,REGULAR,freethrow,2 of 2,[],1631157,,,1610612749,53,61,2026-03-09T01:06:12Z,2950000,False,,,0,,R. Rollins Free Throw 2 of 2 (7 PTS),[1631157],1610612749.0,MIL,,,,Rollins,R. Rollins,,,,,,,,,,,,Made,7.0,,,,,,,,,,,,,
305,PT00M35.20S,2026-03-09T01:06:31.8Z,2,REGULAR,3pt,Jump Shot,[],1631094,94.43166885676742,4.166666666666666,1610612753,53,64,2026-03-09T01:06:38Z,2960000,False,-229.0,0.0,1,right,P. Banchero 3PT  (23 PTS) (D. Bane 5 AST),"[1631094, 1630217]",1610612753.0,ORL,,,,Banchero,P. Banchero,,,,,Left Corner 3,24+ Left,,,,,,Made,23.0,,,,22.92,,,,,D. Bane,1630217.0,5.0,,
307,PT00M27.10S,2026-03-09T01:06:43.1Z,2,REGULAR,2pt,Jump Shot,[],1630560,21.50131406044678,72.05882352941177,1610612749,55,64,2026-03-09T01:06:48Z,2980000,False,-110.0,150.0,1,left,C. Thomas 18' step back Jump Shot (9 PTS),[1630560],1610612749.0,MIL,step back,,,Thomas,C. Thomas,,,,,Mid-Range,16-24 Left Center,,,,,,Made,9.0,,,,18.59,,,,,,,,,
308,PT00M03.90S,2026-03-09T01:07:12.0Z,2,REGULAR,2pt,Layup,['pointsinthepaint'],1631094,93.38042049934296,50.245098039215684,1610612753,55,66,2026-03-09T01:07:36Z,2990000,False,1.0,10.0,1,right,P. Banchero driving Layup (25 PTS) (T. da Silva 4 AST),"[1631094, 1641783]",1610612753.0,ORL,driving,,,Banchero,P. Banchero,,,,,Restricted Area,0-8 Center,,,,,,Made,25.0,,,,0.98,,,,,T. da Silva,1641783.0,4.0,,
310,PT00M03.90S,2026-03-09T01:07:25.0Z,2,REGULAR,foul,personal,"['inpenalty', '1freethrow']",1630560,,,1610612753,55,66,2026-03-09T01:07:45Z,3010000,False,,,0,,C. Thomas shooting personal FOUL (1 PF) (Banchero 1 FT),"[1630560, 1631094]",1610612749.0,MIL,shooting,,,Thomas,C. Thomas,,,,,Restricted Area,0-8 Center,1628951.0,1.0,0.0,Banchero,1631094.0,,,,,,,,,,,,,,,
312,PT00M03.90S,2026-03-09T01:07:40.2Z,2,REGULAR,substitution,out,[],1641783,,,1610612753,55,66,2026-03-09T01:07:44Z,3030000,False,,,0,,SUB out: T. da Silva,[1641783],1610612753.0,ORL,,,,da Silva,T. da Silva,,,,,,,,,,,,,,,,,,,,,,,,,,
313,PT00M03.90S,2026-03-09T01:07:40.2Z,2,REGULAR,substitution,in,[],1641724,,,1610612753,55,66,2026-03-09T01:07:44Z,3040000,False,,,0,,SUB in: J. Howard,[1641724],1610612753.0,ORL,,,,Howard,J. Howard,,,,,,,,,,,,,,,,,,,,,,,,,,
314,PT00M03.90S,2026-03-09T01:07:54.3Z,2,REGULAR,freethrow,1 of 1,[],1631094,,,1610612753,55,67,2026-03-09T01:07:54Z,3050000,False,,,0,,P. Banchero Free Throw 1 of 1 (26 PTS),[1631094],1610612753.0,ORL,,,,Banchero,P. Banchero,,,,,,,,,,,,Made,26.0,,,,,,,,,,,,,
315,PT00M01.50S,2026-03-09T01:07:58.3Z,2,REGULAR,heave,,[],0,,,1610612749,55,67,2026-03-09T01:14:11Z,3060000,False,,,0,,MIL Heave,[],1610612749.0,MIL,,,,,,,,,,Above the Break 3,24+ Center,,,,,,,,,,,52.23,,,,,,,,,
316,PT00M00.10S,2026-03-09T01:07:59.7Z,2,REGULAR,rebound,offensive,['team'],0,,,1610612749,55,67,2026-03-09T01:09:17Z,3070000,False,,,0,,TEAM offensive REBOUND,[],1610612749.0,MIL,,,,,,,,,,Above the Break 3,24+ Center,,,,,,,,,,,,315.0,,,,,,,,
317,PT00M00.00S,2026-03-09T01:08:16.0Z,2,REGULAR,period,end,[],0,,,1610612749,55,67,2026-03-09T01:08:16Z,3080000,False,,,0,,Period End,[],,,,,,,,,,,,,,,,,,,,,,,,,,,,,,,,,
318,PT12M00.00S,2026-03-09T01:22:47.1Z,3,REGULAR,substitution,out,['startperiod'],1626171,,,1610612749,55,67,2026-03-09T01:23:08Z,3090000,False,,,0,,SUB out: B. Portis,[1626171],1610612749.0,MIL,,,,Portis,B. Portis,,,,,,,,,,,,,,,,,,,,,,,,,,
319,PT12M00.00S,2026-03-09T01:22:47.1Z,3,REGULAR,substitution,out,['startperiod'],1630560,,,1610612749,55,67,2026-03-09T01:23:08Z,3100000,False,,,0,,SUB out: C. Thomas,[1630560],1610612749.0,MIL,,,,Thomas,C. Thomas,,,,,,,,,,,,,,,,,,,,,,,,,,
320,PT12M00.00S,2026-03-09T01:22:47.1Z,3,REGULAR,substitution,out,['startperiod'],1628975,,,1610612749,55,67,2026-03-09T01:23:08Z,3110000,False,,,0,,SUB out: J. Carter,[1628975],1610612753.0,ORL,,,,Carter,J. Carter,,,,,,,,,,,,,,,,,,,,,,,,,,
321,PT12M00.00S,2026-03-09T01:22:47.1Z,3,REGULAR,substitution,out,['startperiod'],1641724,,,1610612749,55,67,2026-03-09T01:23:08Z,3120000,False,,,0,,SUB out: J. Howard,[1641724],1610612753.0,ORL,,,,Howard,J. Howard,,,,,,,,,,,,,,,,,,,,,,,,,,
322,PT12M00.00S,2026-03-09T01:22:47.1Z,3,REGULAR,substitution,in,['startperiod'],1630579,,,1610612749,55,67,2026-03-09T01:23:08Z,3130000,False,,,0,,SUB in: J. Sims,[1630579],1610612749.0,MIL,,,,Sims,J. Sims,,,,,,,,,,,,,,,,,,,,,,,,,,
323,PT12M00.00S,2026-03-09T01:22:47.1Z,3,REGULAR,substitution,in,['startperiod'],1631260,,,1610612749,55,67,2026-03-09T01:23:08Z,3140000,False,,,0,,SUB in: A. Green,[1631260],1610612749.0,MIL,,,,Green,A. Green,,,,,,,,,,,,,,,,,,,,,,,,,,
324,PT12M00.00S,2026-03-09T01:22:47.1Z,3,REGULAR,substitution,in,['startperiod'],1630591,,,1610612749,55,67,2026-03-09T01:23:08Z,3150000,False,,,0,,SUB in: J. Suggs,[1630591],1610612753.0,ORL,,,,Suggs,J. Suggs,,,,,,,,,,,,,,,,,,,,,,,,,,
325,PT12M00.00S,2026-03-09T01:22:47.1Z,3,REGULAR,substitution,in,['startperiod'],1641783,,,1610612749,55,67,2026-03-09T01:23:08Z,3160000,False,,,0,,SUB in: T. da Silva,[1641783],1610612753.0,ORL,,,,da Silva,T. da Silva,,,,,,,,,,,,,,,,,,,,,,,,,,
326,PT12M00.00S,2026-03-09T01:23:13.6Z,3,REGULAR,period,start,[],0,,,1610612749,55,67,2026-03-09T01:23:13Z,3170000,False,,,0,,Period Start,[],,,,,,,,,,,,,,,,,,,,,,,,,,,,,,,,,
327,PT11M45.00S,2026-03-09T01:23:28.6Z,3,REGULAR,3pt,Jump Shot,[],1626167,69.07030223390277,65.93137254901961,1610612749,55,67,2026-03-09T01:23:35Z,3180000,False,80.0,238.0,1,right,MISS M. Turner 25' 3PT,[1626167],1610612749.0,MIL,,,,Turner,M. Turner,,,,,Above the Break 3,24+ Right Center,,,,,,Missed,,,,,25.12,,,,,,,,,
328,PT11M44.00S,2026-03-09T01:23:29.6Z,3,REGULAR,rebound,defensive,[],1630591,,,1610612753,55,67,2026-03-09T01:23:51Z,3190000,False,,,0,,J. Suggs REBOUND (Off:0 Def:1),[1630591],1610612753.0,ORL,,,,Suggs,J. Suggs,,,,,Above the Break 3,24+ Right Center,,,,,,,,,,,,327.0,1.0,1.0,0.0,,,,,
330,PT11M25.00S,2026-03-09T01:24:07.2Z,3,REGULAR,turnover,bad pass,[],1630591,,,1610612753,55,67,2026-03-09T01:24:14Z,3210000,False,,,0,,J. Suggs bad pass TURNOVER (4 TO),"[1630591, 1631157]",1610612753.0,ORL,,,,Suggs,J. Suggs,,,,,Mid-Range,16-24 Left Center,,,,,,,,4.0,Rollins,1631157.0,,,,,,,,,,
331,PT11M25.00S,2026-03-09T01:24:07.2Z,3,REGULAR,steal,,[],1631157,,,1610612749,55,67,2026-03-09T01:24:10Z,3220000,False,,,0,,R. Rollins STEAL (2 STL),[1631157],1610612749.0,MIL,,,,Rollins,R. Rollins,,,,,Mid-Range,16-24 Left Center,,,,,,,,,,,,,,,,,,,,
332,PT11M18.00S,2026-03-09T01:24:14.4Z,3,REGULAR,turnover,bad pass,[],1631157,,,1610612749,55,67,2026-03-09T01:24:20Z,3230000,False,,,0,,R. Rollins bad pass TURNOVER (3 TO),"[1631157, 1628976]",1610612749.0,MIL,,,,Rollins,R. Rollins,,,,,In The Paint (Non-RA),8-16 Left,,,,,,,,3.0,Carter Jr.,1628976.0,,,,,,,,,,
333,PT11M18.00S,2026-03-09T01:24:14.4Z,3,REGULAR,steal,,[],1628976,,,1610612753,55,67,2026-03-09T01:25:53Z,3240000,False,,,0,,W. Carter Jr. STEAL (1 STL),[1628976],1610612753.0,ORL,,,,Carter Jr.,W. Carter Jr.,,,,,In The Paint (Non-RA),8-16 Left,,,,,,,,,,,,,,,,,,,,
334,PT11M05.00S,2026-03-09T01:24:26.2Z,3,REGULAR,3pt,Jump Shot,['fromturnover'],1630591,30.17411300919842,74.01960784313727,1610612753,55,70,2026-03-09T01:24:31Z,3250000,False,-120.0,231.0,1,left,J. Suggs 26' 3PT  (12 PTS) (D. Bane 6 AST),"[1630591, 1630217]",1610612753.0,ORL,,,,Suggs,J. Suggs,,,,,Above the Break 3,24+ Left Center,,,,,,Made,12.0,,,,26.04,,,,,D. Bane,1630217.0,6.0,,
336,PT10M57.00S,2026-03-09T01:24:34.0Z,3,REGULAR,turnover,bad pass,[],1631157,,,1610612749,55,70,2026-03-09T01:26:50Z,3270000,False,,,0,,R. Rollins bad pass TURNOVER (4 TO),"[1631157, 1630591]",1610612749.0,MIL,,,,Rollins,R. Rollins,,,,,Above the Break 3,24+ Right Center,,,,,,,,4.0,Suggs,1630591.0,,,,,,,,,,
337,PT10M57.00S,2026-03-09T01:24:34.0Z,3,REGULAR,steal,,[],1630591,,,1610612753,55,70,2026-03-09T01:26:50Z,3280000,False,,,0,,J. Suggs STEAL (2 STL),[1630591],1610612753.0,ORL,,,,Suggs,J. Suggs,,,,,Above the Break 3,24+ Right Center,,,,,,,,,,,,,,,,,,,,
338,PT10M48.00S,2026-03-09T01:24:45.7Z,3,REGULAR,2pt,Layup,"['pointsinthepaint', 'fromturnover']",1630217,6.652431011826544,51.9607843137255,1610612753,55,72,2026-03-09T01:24:53Z,3290000,False,-10.0,10.0,1,left,D. Bane driving finger roll Layup (10 PTS),[1630217],1610612753.0,ORL,driving finger roll,,,Bane,D. Bane,,,,,Restricted Area,0-8 Center,,,,,,Made,10.0,,,,1.4,,,,,,,,,
339,PT10M48.00S,2026-03-09T01:24:54.4Z,3,REGULAR,timeout,full,"['team', 'mandatory']",0,,,1610612749,55,72,2026-03-09T01:24:54Z,3300000,False,,,0,,MIL Timeout,[],1610612749.0,MIL,,,,,,,,,,,,,,,,,,,,,,,,,,,,,,,
340,PT10M37.00S,2026-03-09T01:27:52.6Z,3,REGULAR,3pt,Jump Shot,[],1631157,90.48948751642575,3.431372549019608,1610612749,58,72,2026-03-09T01:28:01Z,3310000,False,-233.0,37.0,1,right,R. Rollins 3PT  (10 PTS) (O. Dieng 5 AST),"[1631157, 1631172]",1610612749.0,MIL,,,,Rollins,R. Rollins,,,,,Left Corner 3,24+ Left,,,,,,Made,10.0,,,,23.57,,,,,O. Dieng,1631172.0,5.0,,
342,PT10M17.00S,2026-03-09T01:28:12.3Z,3,REGULAR,3pt,Jump Shot,[],1630591,8.935611038107753,96.1014093137255,1610612753,58,75,2026-03-09T01:28:20Z,3330000,False,-231.0,31.0,1,left,J. Suggs 3PT  (15 PTS) (P. Banchero 3 AST),"[1630591, 1631094]",1610612753.0,ORL,,,,Suggs,J. Suggs,,,,,Left Corner 3,24+ Left,,,,,,Made,15.0,,,,23.26,,,,,P. Banchero,1631094.0,3.0,,
344,PT09M58.00S,2026-03-09T01:28:31.5Z,3,REGULAR,3pt,Jump Shot,[],1626167,75.03285151116953,83.84650735294117,1610612749,58,75,2026-03-09T01:28:43Z,3350000,False,169.0,182.0,1,right,MISS M. Turner 24' 3PT,[1626167],1610612749.0,MIL,,,,Turner,M. Turner,,,,,Above the Break 3,24+ Right Center,,,,,,Missed,,,,,24.86,,,,,,,,,
345,PT09M54.00S,2026-03-09T01:28:35.5Z,3,REGULAR,rebound,defensive,[],1628976,,,1610612753,58,75,2026-03-09T01:28:43Z,3360000,False,,,0,,W. Carter Jr. REBOUND (Off:1 Def:4),[1628976],1610612753.0,ORL,,,,Carter Jr.,W. Carter Jr.,,,,,Above the Break 3,24+ Right Center,,,,,,,,,,,,344.0,5.0,4.0,1.0,,,,,
346,PT09M44.00S,2026-03-09T01:28:44.7Z,3,REGULAR,3pt,Jump Shot,[],1630217,31.750985545335087,33.33333333333333,1610612753,58,78,2026-03-09T01:30:23Z,3370000,False,83.0,246.0,1,left,D. Bane 25' 3PT pullup (13 PTS),[1630217],1610612753.0,ORL,pullup,,,Bane,D. Bane,,,,,Above the Break 3,24+ Right Center,,,,,,Made,13.0,,,,25.97,,,,,,,,,
347,PT09M31.00S,2026-03-09T01:29:01.5Z,3,REGULAR,foul,personal,[],1641783,,,1610612749,58,78,2026-03-09T01:29:08Z,3380000,False,,,0,,T. da Silva personal FOUL (3 PF),"[1641783, 1631260]",1610612753.0,ORL,,,,da Silva,T. da Silva,,,,,Right Corner 3,24+ Right,2004.0,3.0,0.0,Green,1631260.0,,,,,,,,,,,,,,,
349,PT09M21.00S,2026-03-09T01:29:26.3Z,3,REGULAR,2pt,Layup,['pointsinthepaint'],1626167,81.553876478318,45.34313725490196,1610612749,58,78,2026-03-09T01:29:31Z,3400000,False,-23.0,121.0,1,right,MISS M. Turner 12' driving Layup - blocked,"[1626167, 1631094]",1610612749.0,MIL,driving,,,Turner,M. Turner,,,,,In The Paint (Non-RA),8-16 Center,,,,,,Missed,,,,,12.31,,,,,,,,Banchero,1631094.0
350,PT09M21.00S,2026-03-09T01:29:26.3Z,3,REGULAR,block,,[],1631094,,,1610612749,58,78,2026-03-09T01:29:30Z,3410000,False,,,0,,P. Banchero BLOCK (1 BLK),[1631094],1610612753.0,ORL,,,,Banchero,P. Banchero,,,,,In The Paint (Non-RA),8-16 Center,,,,,,,,,,,,,,,,,,,,
351,PT09M17.00S,2026-03-09T01:29:30.3Z,3,REGULAR,rebound,defensive,[],1630591,,,1610612753,58,78,2026-03-09T01:29:31Z,3420000,False,,,0,,J. Suggs REBOUND (Off:0 Def:2),[1630591],1610612753.0,ORL,,,,Suggs,J. Suggs,,,,,In The Paint (Non-RA),8-16 Center,,,,,,,,,,,,349.0,2.0,2.0,0.0,,,,,
352,PT09M11.00S,2026-03-09T01:29:36.1Z,3,REGULAR,turnover,bad pass,[],1630217,,,1610612753,58,78,2026-03-09T01:29:42Z,3430000,False,,,0,,D. Bane bad pass TURNOVER (2 TO),"[1630217, 1631157]",1610612753.0,ORL,,,,Bane,D. Bane,,,,,In The Paint (Non-RA),8-16 Center,,,,,,,,2.0,Rollins,1631157.0,,,,,,,,,,
353,PT09M11.00S,2026-03-09T01:29:36.1Z,3,REGULAR,steal,,[],1631157,,,1610612749,58,78,2026-03-09T01:29:39Z,3440000,False,,,0,,R. Rollins STEAL (3 STL),[1631157],1610612749.0,MIL,,,,Rollins,R. Rollins,,,,,In The Paint (Non-RA),8-16 Center,,,,,,,,,,,,,,,,,,,,
354,PT09M06.00S,2026-03-09T01:29:42.4Z,3,REGULAR,turnover,lost ball,[],1631157,,,1610612749,58,78,2026-03-09T01:29:48Z,3450000,False,,,0,,R. Rollins lost ball TURNOVER (5 TO),"[1631157, 1630217]",1610612749.0,MIL,,,,Rollins,R. Rollins,,,,,Above the Break 3,24+ Left Center,,,,,,,,5.0,Bane,1630217.0,,,,,,,,,,
355,PT09M06.00S,2026-03-09T01:29:42.4Z,3,REGULAR,steal,,[],1630217,,,1610612753,58,78,2026-03-09T01:31:27Z,3460000,False,,,0,,D. Bane STEAL (4 STL),[1630217],1610612753.0,ORL,,,,Bane,D. Bane,,,,,Above the Break 3,24+ Left Center,,,,,,,,,,,,,,,,,,,,
356,PT09M00.00S,2026-03-09T01:29:47.1Z,3,REGULAR,2pt,DUNK,"['pointsinthepaint', 'fromturnover', 'fastbreak']",1631094,7.440867279894875,51.9607843137255,1610612753,58,80,2026-03-09T01:29:52Z,3470000,False,-10.0,17.0,1,left,P. Banchero running DUNK (28 PTS) (J. Suggs 2 AST),"[1631094, 1630591]",1610612753.0,ORL,running,,,Banchero,P. Banchero,,,,,Restricted Area,0-8 Center,,,,,,Made,28.0,,,,2.0,,,,,J. Suggs,1630591.0,2.0,,
358,PT08M40.00S,2026-03-09T01:30:07.7Z,3,REGULAR,2pt,Layup,['pointsinthepaint'],1626167,87.86136662286465,53.67647058823529,1610612749,58,80,2026-03-09T01:30:12Z,3490000,False,18.0,62.0,1,right,MISS M. Turner 6' driving Layup,[1626167],1610612749.0,MIL,driving,,,Turner,M. Turner,,,,,In The Paint (Non-RA),0-8 Center,,,,,,Missed,,,,,6.43,,,,,,,,,
359,PT08M38.00S,2026-03-09T01:30:09.9Z,3,REGULAR,rebound,offensive,[],1630579,,,1610612749,58,80,2026-03-09T01:30:09Z,3500000,False,,,0,,J. Sims REBOUND (Off:2 Def:4),[1630579],1610612749.0,MIL,,,,Sims,J. Sims,,,,,In The Paint (Non-RA),0-8 Center,,,,,,,,,,,,358.0,6.0,4.0,2.0,,,,,
360,PT08M27.00S,2026-03-09T01:30:20.9Z,3,REGULAR,turnover,lost ball,[],1631172,,,1610612749,58,80,2026-03-09T01:30:32Z,3510000,False,,,0,,O. Dieng lost ball TURNOVER (1 TO),"[1631172, 1628976]",1610612749.0,MIL,,,,Dieng,O. Dieng,,,,,Mid-Range,16-24 Left Center,,,,,,,,1.0,Carter Jr.,1628976.0,,,,,,,,,,
361,PT08M27.00S,2026-03-09T01:30:20.9Z,3,REGULAR,steal,,[],1628976,,,1610612753,58,80,2026-03-09T01:30:24Z,3520000,False,,,0,,W. Carter Jr. STEAL (2 STL),[1628976],1610612753.0,ORL,,,,Carter Jr.,W. Carter Jr.,,,,,Mid-Range,16-24 Left Center,,,,,,,,,,,,,,,,,,,,
362,PT08M25.00S,2026-03-09T01:30:28.2Z,3,REGULAR,foul,personal,['2freethrow'],1631260,,,1610612753,58,80,2026-03-09T01:30:39Z,3530000,False,,,0,,A. Green shooting personal FOUL (1 PF) (Carter Jr. 2 FT),"[1631260, 1628976]",1610612749.0,MIL,shooting,,,Green,A. Green,,,,,Restricted Area,0-8 Center,2004.0,1.0,0.0,Carter Jr.,1628976.0,,,,,,,,,,,,,,,
364,PT08M25.00S,2026-03-09T01:31:02.5Z,3,REGULAR,freethrow,1 of 2,"['fromturnover', 'fastbreak']",1628976,,,1610612753,58,80,2026-03-09T01:31:02Z,3550000,False,,,0,,MISS W. Carter Jr. Free Throw 1 of 2,[1628976],1610612753.0,ORL,,,,Carter Jr.,W. Carter Jr.,,,,,,,,,,,,Missed,,,,,,,,,,,,,,
365,PT08M25.00S,2026-03-09T01:31:02.5Z,3,REGULAR,rebound,offensive,"['deadball', 'team']",0,,,1610612753,58,80,2026-03-09T01:31:02Z,3560000,False,,,0,,TEAM offensive REBOUND,[],1610612753.0,ORL,,,,,,,,,,,,,,,,,,,,,,,364.0,,,,,,,,
366,PT08M25.00S,2026-03-09T01:31:10.5Z,3,REGULAR,substitution,out,[],1631157,,,1610612753,58,80,2026-03-09T01:31:34Z,3570000,False,,,0,,SUB out: R. Rollins,[1631157],1610612749.0,MIL,,,,Rollins,R. Rollins,,,,,,,,,,,,,,,,,,,,,,,,,,
367,PT08M25.00S,2026-03-09T01:31:10.5Z,3,REGULAR,substitution,out,[],1630579,,,1610612753,58,80,2026-03-09T01:31:34Z,3580000,False,,,0,,SUB out: J. Sims,[1630579],1610612749.0,MIL,,,,Sims,J. Sims,,,,,,,,,,,,,,,,,,,,,,,,,,
368,PT08M25.00S,2026-03-09T01:31:10.5Z,3,REGULAR,substitution,in,[],1626171,,,1610612753,58,80,2026-03-09T01:31:34Z,3590000,False,,,0,,SUB in: B. Portis,[1626171],1610612749.0,MIL,,,,Portis,B. Portis,,,,,,,,,,,,,,,,,,,,,,,,,,
369,PT08M25.00S,2026-03-09T01:31:10.5Z,3,REGULAR,substitution,in,[],1630560,,,1610612753,58,80,2026-03-09T01:31:34Z,3600000,False,,,0,,SUB in: C. Thomas,[1630560],1610612749.0,MIL,,,,Thomas,C. Thomas,,,,,,,,,,,,,,,,,,,,,,,,,,
370,PT08M25.00S,2026-03-09T01:31:37.0Z,3,REGULAR,freethrow,2 of 2,"['fastbreak', 'fromturnover']",1628976,,,1610612753,58,81,2026-03-09T01:31:37Z,3610000,False,,,0,,W. Carter Jr. Free Throw 2 of 2 (7 PTS),[1628976],1610612753.0,ORL,,,,Carter Jr.,W. Carter Jr.,,,,,,,,,,,,Made,7.0,,,,,,,,,,,,,
371,PT08M00.00S,2026-03-09T01:31:58.6Z,3,REGULAR,2pt,Jump Shot,[],1630560,94.30026281208936,86.02941176470588,1610612749,58,81,2026-03-09T01:34:45Z,3620000,False,180.0,1.0,1,right,MISS C. Thomas 18' pullup Shot,[1630560],1610612749.0,MIL,pullup,,,Thomas,C. Thomas,,,,,Mid-Range,16-24 Right,,,,,,Missed,,,,,18.01,,,,,,,,,
372,PT07M57.00S,2026-03-09T01:32:01.6Z,3,REGULAR,rebound,defensive,[],1631094,,,1610612753,58,81,2026-03-09T01:32:08Z,3630000,False,,,0,,P. Banchero REBOUND (Off:0 Def:4),[1631094],1610612753.0,ORL,,,,Banchero,P. Banchero,,,,,Mid-Range,16-24 Right,,,,,,,,,,,,371.0,4.0,4.0,0.0,,,,,
373,PT07M50.00S,2026-03-09T01:32:09.0Z,3,REGULAR,2pt,Layup,['pointsinthepaint'],1628976,6.1268068331143235,52.94117647058824,1610612753,58,83,2026-03-09T01:32:18Z,3640000,False,-15.0,5.0,1,left,W. Carter Jr. reverse Layup (9 PTS) (D. Bane 7 AST),"[1628976, 1630217]",1610612753.0,ORL,reverse,,,Carter Jr.,W. Carter Jr.,,,,,Restricted Area,0-8 Center,,,,,,Made,9.0,,,,1.56,,,,,D. Bane,1630217.0,7.0,,
375,PT07M29.00S,2026-03-09T01:32:28.9Z,3,REGULAR,3pt,Jump Shot,[],1631260,71.69842312746385,13.970588235294118,1610612749,58,83,2026-03-09T01:32:33Z,3660000,False,-180.0,214.0,1,right,MISS A. Green 27' 3PT,[1631260],1610612749.0,MIL,,,,Green,A. Green,,,,,Above the Break 3,24+ Left Center,,,,,,Missed,,,,,27.93,,,,,,,,,
376,PT07M26.00S,2026-03-09T01:32:31.9Z,3,REGULAR,rebound,defensive,[],1641783,,,1610612753,58,83,2026-03-09T01:32:33Z,3670000,False,,,0,,T. da Silva REBOUND (Off:1 Def:4),[1641783],1610612753.0,ORL,,,,da Silva,T. da Silva,,,,,Above the Break 3,24+ Left Center,,,,,,,,,,,,375.0,5.0,4.0,1.0,,,,,
377,PT07M10.00S,2026-03-09T01:32:48.4Z,3,REGULAR,3pt,Jump Shot,[],1631094,21.895532194480946,7.352941176470589,1610612753,58,83,2026-03-09T01:32:54Z,3680000,False,213.0,153.0,1,left,MISS P. Banchero 26' step back 3PT,[1631094],1610612753.0,ORL,step back,,,Banchero,P. Banchero,,,,,Above the Break 3,24+ Right Center,,,,,,Missed,,,,,26.26,,,,,,,,,
378,PT07M07.00S,2026-03-09T01:32:51.4Z,3,REGULAR,rebound,defensive,[],1631172,,,1610612749,58,83,2026-03-09T01:32:54Z,3690000,False,,,0,,O. Dieng REBOUND (Off:1 Def:3),[1631172],1610612749.0,MIL,,,,Dieng,O. Dieng,,,,,Above the Break 3,24+ Right Center,,,,,,,,,,,,377.0,4.0,3.0,1.0,,,,,
379,PT07M04.00S,2026-03-09T01:32:58.6Z,3,REGULAR,foul,personal,[],1641783,,,1610612749,58,83,2026-03-09T01:33:08Z,3700000,False,,,0,,T. da Silva personal FOUL (4 PF),"[1641783, 1630560]",1610612753.0,ORL,,,,da Silva,T. da Silva,,,,,Above the Break 3,24+ Center,201245.0,4.0,0.0,Thomas,1630560.0,,,,,,,,,,,,,,,
381,PT07M04.00S,2026-03-09T01:33:07.4Z,3,REGULAR,substitution,out,[],1631260,,,1610612749,58,83,2026-03-09T01:33:18Z,3720000,False,,,0,,SUB out: A. Green,[1631260],1610612749.0,MIL,,,,Green,A. Green,,,,,,,,,,,,,,,,,,,,,,,,,,
382,PT07M04.00S,2026-03-09T01:33:07.4Z,3,REGULAR,substitution,out,[],1628976,,,1610612749,58,83,2026-03-09T01:33:18Z,3730000,False,,,0,,SUB out: W. Carter Jr.,[1628976],1610612753.0,ORL,,,,Carter Jr.,W. Carter Jr.,,,,,,,,,,,,,,,,,,,,,,,,,,
383,PT07M04.00S,2026-03-09T01:33:07.4Z,3,REGULAR,substitution,in,[],1629018,,,1610612749,58,83,2026-03-09T01:33:18Z,3740000,False,,,0,,SUB in: G. Trent Jr.,[1629018],1610612749.0,MIL,,,,Trent Jr.,G. Trent Jr.,,,,,,,,,,,,,,,,,,,,,,,,,,
384,PT07M04.00S,2026-03-09T01:33:07.4Z,3,REGULAR,substitution,in,[],1629021,,,1610612749,58,83,2026-03-09T01:33:18Z,3750000,False,,,0,,SUB in: M. Wagner,[1629021],1610612753.0,ORL,,,,Wagner,M. Wagner,,,,,,,,,,,,,,,,,,,,,,,,,,
385,PT07M03.00S,2026-03-09T01:33:29.3Z,3,REGULAR,foul,personal,[],1630591,,,1610612749,58,83,2026-03-09T01:33:42Z,3760000,False,,,0,,J. Suggs personal FOUL (4 PF),"[1630591, 1630560]",1610612753.0,ORL,,,,Suggs,J. Suggs,,,,,Above the Break 3,24+ Right Center,201245.0,4.0,0.0,Thomas,1630560.0,,,,,,,,,,,,,,,
387,PT06M52.00S,2026-03-09T01:33:54.0Z,3,REGULAR,3pt,Jump Shot,[],1631172,66.70499342969777,45.83333333333333,1610612749,58,83,2026-03-09T01:35:51Z,3780000,False,-21.0,260.0,1,right,MISS O. Dieng 26' pullup 3PT,[1631172],1610612749.0,MIL,pullup,,,Dieng,O. Dieng,,,,,Above the Break 3,24+ Center,,,,,,Missed,,,,,26.13,,,,,,,,,
388,PT06M48.00S,2026-03-09T01:33:58.0Z,3,REGULAR,rebound,defensive,[],1630591,,,1610612753,58,83,2026-03-09T01:34:03Z,3790000,False,,,0,,J. Suggs REBOUND (Off:0 Def:3),[1630591],1610612753.0,ORL,,,,Suggs,J. Suggs,,,,,Above the Break 3,24+ Center,,,,,,,,,,,,387.0,3.0,3.0,0.0,,,,,
389,PT06M38.00S,2026-03-09T01:34:11.0Z,3,REGULAR,foul,personal,['2freethrow'],1631172,,,1610612753,58,83,2026-03-09T01:34:31Z,3800000,False,,,0,,O. Dieng shooting personal FOUL (2 PF) (Banchero 2 FT),"[1631172, 1631094]",1610612749.0,MIL,shooting,,,Dieng,O. Dieng,,,,,In The Paint (Non-RA),0-8 Center,201245.0,2.0,0.0,Banchero,1631094.0,,,,,,,,,,,,,,,
391,PT06M38.00S,2026-03-09T01:34:40.7Z,3,REGULAR,freethrow,1 of 2,[],1631094,,,1610612753,58,83,2026-03-09T01:34:40Z,3820000,False,,,0,,MISS P. Banchero Free Throw 1 of 2,[1631094],1610612753.0,ORL,,,,Banchero,P. Banchero,,,,,,,,,,,,Missed,,,,,,,,,,,,,,
392,PT06M38.00S,2026-03-09T01:34:40.7Z,3,REGULAR,rebound,offensive,"['deadball', 'team']",0,,,1610612753,58,83,2026-03-09T01:34:40Z,3830000,False,,,0,,TEAM offensive REBOUND,[],1610612753.0,ORL,,,,,,,,,,,,,,,,,,,,,,,391.0,,,,,,,,
394,PT06M38.00S,2026-03-09T01:34:40.8Z,3,REGULAR,substitution,out,[],1631172,,,1610612753,58,83,2026-03-09T01:35:15Z,3835000,False,,,0,,SUB out: O. Dieng,[1631172],1610612749.0,MIL,,,,Dieng,O. Dieng,,,,,,,,,,,,,,,,,,,,,,,,,,
395,PT06M38.00S,2026-03-09T01:34:40.8Z,3,REGULAR,substitution,in,[],1631250,,,1610612753,58,83,2026-03-09T01:35:15Z,3837500,False,,,0,,SUB in: P. Nance,[1631250],1610612749.0,MIL,,,,Nance,P. Nance,,,,,,,,,,,,,,,,,,,,,,,,,,
393,PT06M38.00S,2026-03-09T01:35:00.1Z,3,REGULAR,freethrow,2 of 2,[],1631094,,,1610612753,58,84,2026-03-09T01:35:00Z,3840000,False,,,0,,P. Banchero Free Throw 2 of 2 (29 PTS),[1631094],1610612753.0,ORL,,,,Banchero,P. Banchero,,,,,,,,,,,,Made,29.0,,,,,,,,,,,,,
396,PT06M29.00S,2026-03-09T01:35:14.4Z,3,REGULAR,foul,offensive,[],1626167,,,1610612749,58,84,2026-03-09T01:35:26Z,3850000,False,,,0,,M. Turner offensive FOUL (2 PF),"[1626167, 1630217]",1610612749.0,MIL,,,,Turner,M. Turner,,,,,Above the Break 3,24+ Right Center,201245.0,2.0,0.0,Bane,1630217.0,,,,,,,,,,,,,,,
398,PT06M29.00S,2026-03-09T01:35:14.4Z,3,REGULAR,turnover,offensive foul,[],1626167,,,1610612749,58,84,2026-03-09T01:35:14Z,3870000,False,,,0,,M. Turner offensive foul TURNOVER (2 TO),[1626167],1610612749.0,MIL,,,,Turner,M. Turner,,,,,Above the Break 3,24+ Right Center,201245.0,,,,,,,2.0,,,,,,,,,,,,
399,PT06M29.00S,2026-03-09T01:35:26.2Z,3,REGULAR,substitution,out,[],1626167,,,1610612753,58,84,2026-03-09T01:35:36Z,3880000,False,,,0,,SUB out: M. Turner,[1626167],1610612749.0,MIL,,,,Turner,M. Turner,,,,,,,,,,,,,,,,,,,,,,,,,,
400,PT06M29.00S,2026-03-09T01:35:26.2Z,3,REGULAR,substitution,out,[],1630217,,,1610612753,58,84,2026-03-09T01:35:36Z,3890000,False,,,0,,SUB out: D. Bane,[1630217],1610612753.0,ORL,,,,Bane,D. Bane,,,,,,,,,,,,,,,,,,,,,,,,,,
401,PT06M29.00S,2026-03-09T01:35:26.2Z,3,REGULAR,substitution,in,[],1630579,,,1610612753,58,84,2026-03-09T01:35:36Z,3900000,False,,,0,,SUB in: J. Sims,[1630579],1610612749.0,MIL,,,,Sims,J. Sims,,,,,,,,,,,,,,,,,,,,,,,,,,
402,PT06M29.00S,2026-03-09T01:35:26.2Z,3,REGULAR,substitution,in,[],1641724,,,1610612753,58,84,2026-03-09T01:35:36Z,3910000,False,,,0,,SUB in: J. Howard,[1641724],1610612753.0,ORL,,,,Howard,J. Howard,,,,,,,,,,,,,,,,,,,,,,,,,,
403,PT06M12.00S,2026-03-09T01:35:56.3Z,3,REGULAR,2pt,Jump Shot,['fromturnover'],1631094,21.369908015768726,60.78431372549019,1610612753,58,84,2026-03-09T01:36:01Z,3920000,False,-54.0,148.0,1,left,MISS P. Banchero 15' turnaround Shot,[1631094],1610612753.0,ORL,turnaround,,,Banchero,P. Banchero,,,,,Mid-Range,8-16 Center,,,,,,Missed,,,,,15.79,,,,,,,,,
404,PT06M08.00S,2026-03-09T01:36:00.3Z,3,REGULAR,rebound,defensive,[],1626171,,,1610612749,58,84,2026-03-09T01:36:01Z,3930000,False,,,0,,B. Portis REBOUND (Off:2 Def:6),[1626171],1610612749.0,MIL,,,,Portis,B. Portis,,,,,Mid-Range,8-16 Center,,,,,,,,,,,,403.0,8.0,6.0,2.0,,,,,
405,PT05M56.00S,2026-03-09T01:36:11.7Z,3,REGULAR,2pt,DUNK,['pointsinthepaint'],1630579,93.64323258869908,47.794117647058826,1610612749,60,84,2026-03-09T01:36:17Z,3940000,False,-11.0,7.0,1,right,J. Sims cutting DUNK (10 PTS) (C. Thomas 6 AST),"[1630579, 1630560]",1610612749.0,MIL,cutting,,,Sims,J. Sims,,,,,Restricted Area,0-8 Center,,,,,,Made,10.0,,,,1.32,,,,,C. Thomas,1630560.0,6.0,,
407,PT05M44.00S,2026-03-09T01:36:24.8Z,3,REGULAR,2pt,Layup,['pointsinthepaint'],1630591,6.258212877792378,50.49019607843137,1610612753,60,86,2026-03-09T01:36:29Z,3960000,False,-2.0,6.0,1,left,J. Suggs driving finger roll Layup (17 PTS),[1630591],1610612753.0,ORL,driving finger roll,,,Suggs,J. Suggs,,,,,Restricted Area,0-8 Center,,,,,,Made,17.0,,,,0.68,,,,,,,,,
408,PT05M25.00S,2026-03-09T01:36:42.7Z,3,REGULAR,2pt,Layup,['pointsinthepaint'],1630560,93.38042049934296,49.26470588235294,1610612749,62,86,2026-03-09T01:36:48Z,3970000,False,-4.0,10.0,1,right,C. Thomas driving reverse Layup (11 PTS),[1630560],1610612749.0,MIL,driving reverse,,,Thomas,C. Thomas,,,,,Restricted Area,0-8 Center,,,,,,Made,11.0,,,,1.04,,,,,,,,,
409,PT05M07.00S,2026-03-09T01:37:01.7Z,3,REGULAR,3pt,Jump Shot,[],1641783,10.988830486202366,3.6764705882352944,1610612753,62,86,2026-03-09T01:37:07Z,3980000,False,232.0,51.0,1,left,MISS T. da Silva 3PT,[1641783],1610612753.0,ORL,,,,da Silva,T. da Silva,,,,,Right Corner 3,24+ Right,,,,,,Missed,,,,,23.71,,,,,,,,,
410,PT05M04.00S,2026-03-09T01:37:04.7Z,3,REGULAR,rebound,offensive,[],1641783,,,1610612753,62,86,2026-03-09T01:37:34Z,3990000,False,,,0,,T. da Silva REBOUND (Off:2 Def:4),[1641783],1610612753.0,ORL,,,,da Silva,T. da Silva,,,,,Right Corner 3,24+ Right,,,,,,,,,,,,409.0,6.0,4.0,2.0,,,,,
411,PT05M02.00S,2026-03-09T01:37:07.7Z,3,REGULAR,2pt,Layup,"['pointsinthepaint', '2ndchance']",1641783,7.835085413929041,51.9607843137255,1610612753,62,88,2026-03-09T01:37:27Z,4000000,False,-10.0,21.0,1,left,T. da Silva putback Layup (5 PTS),[1641783],1610612753.0,ORL,putback,,,da Silva,T. da Silva,,,,,Restricted Area,0-8 Center,,,,,,Made,5.0,,,,2.33,,,,,,,,,
412,PT04M40.00S,2026-03-09T01:37:31.8Z,3,REGULAR,3pt,Jump Shot,[],1630560,93.16688567674113,95.36611519607843,1610612749,62,88,2026-03-09T01:40:38Z,4010000,False,227.0,12.0,1,right,MISS C. Thomas pullup 3PT,[1630560],1610612749.0,MIL,pullup,,,Thomas,C. Thomas,,,,,Right Corner 3,24+ Right,,,,,,Missed,,,,,22.71,,,,,,,,,
413,PT04M38.00S,2026-03-09T01:37:33.8Z,3,REGULAR,rebound,offensive,['team'],0,,,1610612749,62,88,2026-03-09T01:40:38Z,4020000,False,,,0,,TEAM offensive REBOUND,[],1610612749.0,MIL,,,,,,,,,,Right Corner 3,24+ Right,,,,,,,,,,,,412.0,,,,,,,,
414,PT04M38.00S,2026-03-09T01:37:36.0Z,3,REGULAR,turnover,shot clock,['team'],0,,,1610612749,62,88,2026-03-09T01:37:46Z,4030000,False,,,0,,MIL shot clock Team TURNOVER,[],1610612749.0,MIL,,,,,,,,,,Mid-Range,8-16 Left,1628951.0,,,,,,,,,,,,,,,,,,,
415,PT04M38.00S,2026-03-09T01:37:41.1Z,3,REGULAR,substitution,out,[],1630591,,,1610612753,62,88,2026-03-09T01:37:47Z,4040000,False,,,0,,SUB out: J. Suggs,[1630591],1610612753.0,ORL,,,,Suggs,J. Suggs,,,,,,,,,,,,,,,,,,,,,,,,,,
416,PT04M38.00S,2026-03-09T01:37:41.1Z,3,REGULAR,substitution,in,[],1628975,,,1610612753,62,88,2026-03-09T01:37:47Z,4050000,False,,,0,,SUB in: J. Carter,[1628975],1610612753.0,ORL,,,,Carter,J. Carter,,,,,,,,,,,,,,,,,,,,,,,,,,
417,PT04M17.00S,2026-03-09T01:38:11.2Z,3,REGULAR,3pt,Jump Shot,['fromturnover'],1641724,5.075558475689881,98.52941176470588,1610612753,62,91,2026-03-09T01:38:17Z,4060000,False,-243.0,-5.0,1,left,J. Howard 24' 3PT  (8 PTS) (T. da Silva 5 AST),"[1641724, 1641783]",1610612753.0,ORL,,,,Howard,J. Howard,,,,,Left Corner 3,24+ Left,,,,,,Made,8.0,,,,24.26,,,,,T. da Silva,1641783.0,5.0,,
419,PT04M03.00S,2026-03-09T01:38:31.2Z,3,REGULAR,foul,personal,[],1629021,,,1610612749,62,91,2026-03-09T01:38:46Z,4080000,False,,,0,,M. Wagner personal FOUL (1 PF),"[1629021, 1630560]",1610612753.0,ORL,,,,Wagner,M. Wagner,,,,,Mid-Range,8-16 Right,1628951.0,1.0,0.0,Thomas,1630560.0,,,,,,,,,,,,,,,
421,PT04M03.00S,2026-03-09T01:38:44.3Z,3,REGULAR,substitution,out,[],1641783,,,1610612749,62,91,2026-03-09T01:38:48Z,4100000,False,,,0,,SUB out: T. da Silva,[1641783],1610612753.0,ORL,,,,da Silva,T. da Silva,,,,,,,,,,,,,,,,,,,,,,,,,,
422,PT04M03.00S,2026-03-09T01:38:44.3Z,3,REGULAR,substitution,in,[],1642869,,,1610612749,62,91,2026-03-09T01:38:48Z,4110000,False,,,0,,SUB in: N. Penda,[1642869],1610612753.0,ORL,,,,Penda,N. Penda,,,,,,,,,,,,,,,,,,,,,,,,,,
423,PT03M49.00S,2026-03-09T01:39:06.9Z,3,REGULAR,3pt,Jump Shot,[],1630560,67.48111038107753,25.513174019607842,1610612749,62,91,2026-03-09T01:41:52Z,4120000,False,-122.0,253.0,1,right,MISS C. Thomas 28' pullup 3PT,[1630560],1610612749.0,MIL,pullup,,,Thomas,C. Thomas,,,,,Above the Break 3,24+ Left Center,,,,,,Missed,,,,,28.12,,,,,,,,,
424,PT03M45.00S,2026-03-09T01:39:10.9Z,3,REGULAR,rebound,defensive,[],1642869,,,1610612753,62,91,2026-03-09T01:39:16Z,4130000,False,,,0,,N. Penda REBOUND (Off:1 Def:1),[1642869],1610612753.0,ORL,,,,Penda,N. Penda,,,,,Above the Break 3,24+ Left Center,,,,,,,,,,,,423.0,2.0,1.0,1.0,,,,,
425,PT03M35.00S,2026-03-09T01:39:20.5Z,3,REGULAR,3pt,Jump Shot,[],1629021,34.641918528252305,43.13725490196079,1610612753,62,91,2026-03-09T01:39:32Z,4140000,False,34.0,273.0,1,left,MISS M. Wagner 27' 3PT,[1629021],1610612753.0,ORL,,,,Wagner,M. Wagner,,,,,Above the Break 3,24+ Center,,,,,,Missed,,,,,27.52,,,,,,,,,
426,PT03M33.00S,2026-03-09T01:39:22.5Z,3,REGULAR,rebound,defensive,[],1630579,,,1610612749,62,91,2026-03-09T01:40:16Z,4150000,False,,,0,,J. Sims REBOUND (Off:2 Def:5),[1630579],1610612749.0,MIL,,,,Sims,J. Sims,,,,,Above the Break 3,24+ Center,,,,,,,,,,,,425.0,7.0,5.0,2.0,,,,,
427,PT03M27.00S,2026-03-09T01:39:33.1Z,3,REGULAR,2pt,Jump Shot,['fastbreak'],1629018,69.69242772667543,45.63419117647059,1610612749,64,91,2026-03-09T01:45:23Z,4160000,False,-22.0,232.0,1,right,G. Trent Jr. 23' running pullup Jump Shot (4 PTS),[1629018],1610612749.0,MIL,running pullup,,,Trent Jr.,G. Trent Jr.,,,,,Mid-Range,16-24 Center,,,,,,Made,4.0,,,,23.34,,,,,,,,,
428,PT03M10.00S,2026-03-09T01:39:48.0Z,3,REGULAR,foul,personal,['2freethrow'],1630560,,,1610612753,64,91,2026-03-09T01:40:18Z,4170000,False,,,0,,C. Thomas shooting personal FOUL (2 PF) (Banchero 2 FT),"[1630560, 1631094]",1610612749.0,MIL,shooting,,,Thomas,C. Thomas,,,,,Mid-Range,8-16 Right,201245.0,2.0,0.0,Banchero,1631094.0,,,,,,,,,,,,,,,
430,PT03M10.00S,2026-03-09T01:40:19.2Z,3,REGULAR,freethrow,1 of 2,[],1631094,,,1610612753,64,92,2026-03-09T01:40:19Z,4190000,False,,,0,,P. Banchero Free Throw 1 of 2 (30 PTS),[1631094],1610612753.0,ORL,,,,Banchero,P. Banchero,,,,,,,,,,,,Made,30.0,,,,,,,,,,,,,
431,PT03M10.00S,2026-03-09T01:40:37.2Z,3,REGULAR,freethrow,2 of 2,[],1631094,,,1610612753,64,93,2026-03-09T01:40:37Z,4200000,False,,,0,,P. Banchero Free Throw 2 of 2 (31 PTS),[1631094],1610612753.0,ORL,,,,Banchero,P. Banchero,,,,,,,,,,,,Made,31.0,,,,,,,,,,,,,
432,PT02M55.00S,2026-03-09T01:40:52.5Z,3,REGULAR,3pt,Jump Shot,[],1626171,67.7562417871222,29.166666666666668,1610612749,64,93,2026-03-09T01:41:00Z,4210000,False,-104.0,251.0,1,right,MISS B. Portis 27' 3PT,[1626171],1610612749.0,MIL,,,,Portis,B. Portis,,,,,Above the Break 3,24+ Left Center,,,,,,Missed,,,,,27.14,,,,,,,,,
433,PT02M52.00S,2026-03-09T01:40:55.5Z,3,REGULAR,rebound,defensive,[],1628975,,,1610612753,64,93,2026-03-09T01:41:00Z,4220000,False,,,0,,J. Carter REBOUND (Off:0 Def:2),[1628975],1610612753.0,ORL,,,,Carter,J. Carter,,,,,Above the Break 3,24+ Left Center,,,,,,,,,,,,432.0,2.0,2.0,0.0,,,,,
434,PT02M49.00S,2026-03-09T01:40:58.3Z,3,REGULAR,2pt,DUNK,"['pointsinthepaint', 'fastbreak']",1631094,8.754927726675426,51.225490196078425,1610612753,64,95,2026-03-09T01:41:03Z,4230000,False,-6.0,30.0,1,left,P. Banchero running DUNK (33 PTS) (J. Carter 2 AST),"[1631094, 1628975]",1610612753.0,ORL,running,,,Banchero,P. Banchero,,,,,Restricted Area,0-8 Center,,,,,,Made,33.0,,,,3.04,,,,,J. Carter,1628975.0,2.0,,
436,PT02M36.00S,2026-03-09T01:41:11.9Z,3,REGULAR,3pt,Jump Shot,[],1629018,67.62483574244416,27.941176470588236,1610612749,64,95,2026-03-09T01:41:18Z,4250000,False,-110.0,252.0,1,right,MISS G. Trent Jr. 27' step back 3PT,[1629018],1610612749.0,MIL,step back,,,Trent Jr.,G. Trent Jr.,,,,,Above the Break 3,24+ Left Center,,,,,,Missed,,,,,27.49,,,,,,,,,
437,PT02M33.00S,2026-03-09T01:41:14.9Z,3,REGULAR,rebound,defensive,[],1631094,,,1610612753,64,95,2026-03-09T01:41:18Z,4260000,False,,,0,,P. Banchero REBOUND (Off:0 Def:5),[1631094],1610612753.0,ORL,,,,Banchero,P. Banchero,,,,,Above the Break 3,24+ Left Center,,,,,,,,,,,,436.0,5.0,5.0,0.0,,,,,
438,PT02M29.00S,2026-03-09T01:41:22.1Z,3,REGULAR,foul,personal,[],1631250,,,1610612753,64,95,2026-03-09T01:41:31Z,4270000,False,,,0,,P. Nance personal FOUL (2 PF),"[1631250, 1631094]",1610612749.0,MIL,,,,Nance,P. Nance,,,,,Above the Break 3,24+ Left Center,201245.0,2.0,1.0,Banchero,1631094.0,,,,,,,,,,,,,,,
440,PT02M29.00S,2026-03-09T01:41:34.3Z,3,REGULAR,timeout,full,"['team', 'mandatory']",0,,,1610612753,64,95,2026-03-09T01:41:34Z,4290000,False,,,0,,ORL Timeout,[],1610612753.0,ORL,,,,,,,,,,,,,,,,,,,,,,,,,,,,,,,
442,PT02M29.00S,2026-03-09T01:43:42.8Z,3,REGULAR,substitution,out,[],1631094,,,1610612753,64,95,2026-03-09T01:44:34Z,4300000,False,,,0,,SUB out: P. Banchero,[1631094],1610612753.0,ORL,,,,Banchero,P. Banchero,,,,,,,,,,,,,,,,,,,,,,,,,,
443,PT02M29.00S,2026-03-09T01:43:42.8Z,3,REGULAR,substitution,in,[],1630217,,,1610612753,64,95,2026-03-09T01:44:34Z,4310000,False,,,0,,SUB in: D. Bane,[1630217],1610612753.0,ORL,,,,Bane,D. Bane,,,,,,,,,,,,,,,,,,,,,,,,,,
444,PT02M18.00S,2026-03-09T01:44:49.7Z,3,REGULAR,3pt,Jump Shot,[],1628975,26.49474375821288,12.009803921568627,1610612753,64,95,2026-03-09T01:44:54Z,4320000,False,190.0,197.0,1,left,MISS J. Carter 27' 3PT,[1628975],1610612753.0,ORL,,,,Carter,J. Carter,,,,,Above the Break 3,24+ Right Center,,,,,,Missed,,,,,27.34,,,,,,,,,
445,PT02M15.00S,2026-03-09T01:44:52.7Z,3,REGULAR,rebound,offensive,[],1629021,,,1610612753,64,95,2026-03-09T01:44:54Z,4330000,False,,,0,,M. Wagner REBOUND (Off:1 Def:4),[1629021],1610612753.0,ORL,,,,Wagner,M. Wagner,,,,,Above the Break 3,24+ Right Center,,,,,,,,,,,,444.0,5.0,4.0,1.0,,,,,
446,PT02M07.00S,2026-03-09T01:45:00.4Z,3,REGULAR,2pt,Layup,"['pointsinthepaint', '2ndchance']",1641724,4.812746386333772,50.0,1610612753,64,97,2026-03-09T01:45:07Z,4340000,False,0.0,-7.0,1,left,J. Howard cutting Layup (10 PTS) (D. Bane 8 AST),"[1641724, 1630217]",1610612753.0,ORL,cutting,,,Howard,J. Howard,,,,,Restricted Area,0-8 Center,,,,,,Made,10.0,,,,0.73,,,,,D. Bane,1630217.0,8.0,,
448,PT01M44.00S,2026-03-09T01:45:22.9Z,3,REGULAR,2pt,Jump Shot,['pointsinthepaint'],1630560,84.05059132720105,46.07843137254902,1610612749,66,97,2026-03-09T01:45:27Z,4360000,False,-20.0,97.0,1,right,C. Thomas 9' driving floating Jump Shot (13 PTS),[1630560],1610612749.0,MIL,driving floating,,,Thomas,C. Thomas,,,,,In The Paint (Non-RA),8-16 Center,,,,,,Made,13.0,,,,9.94,,,,,,,,,
449,PT01M27.00S,2026-03-09T01:45:44.3Z,3,REGULAR,foul,personal,"['inpenalty', '2freethrow']",1626171,,,1610612753,66,97,2026-03-09T01:45:53Z,4370000,False,,,0,,B. Portis shooting personal FOUL (2 PF) (Wagner 2 FT),"[1626171, 1629021]",1610612749.0,MIL,shooting,,,Portis,B. Portis,,,,,Restricted Area,0-8 Center,2004.0,2.0,0.0,Wagner,1629021.0,,,,,,,,,,,,,,,
451,PT01M27.00S,2026-03-09T01:46:09.5Z,3,REGULAR,freethrow,1 of 2,[],1629021,,,1610612753,66,98,2026-03-09T01:46:49Z,4390000,False,,,0,,M. Wagner Free Throw 1 of 2 (3 PTS),[1629021],1610612753.0,ORL,,,,Wagner,M. Wagner,,,,,,,,,,,,Made,3.0,,,,,,,,,,,,,
452,PT01M27.00S,2026-03-09T01:46:17.9Z,3,REGULAR,substitution,out,[],1630579,,,1610612753,66,98,2026-03-09T01:46:23Z,4400000,False,,,0,,SUB out: J. Sims,[1630579],1610612749.0,MIL,,,,Sims,J. Sims,,,,,,,,,,,,,,,,,,,,,,,,,,
453,PT01M27.00S,2026-03-09T01:46:17.9Z,3,REGULAR,substitution,in,[],1631157,,,1610612753,66,98,2026-03-09T01:46:23Z,4410000,False,,,0,,SUB in: R. Rollins,[1631157],1610612749.0,MIL,,,,Rollins,R. Rollins,,,,,,,,,,,,,,,,,,,,,,,,,,
454,PT01M27.00S,2026-03-09T01:46:09.5Z,3,REGULAR,freethrow,2 of 2,[],1629021,,,1610612753,66,98,2026-03-09T01:46:49Z,4420000,False,,,0,,MISS M. Wagner Free Throw 2 of 2,[1629021],1610612753.0,ORL,,,,Wagner,M. Wagner,,,,,,,,,,,,Missed,,,,,,,,,,,,,,
455,PT01M23.00S,2026-03-09T01:46:13.5Z,3,REGULAR,rebound,defensive,[],1626171,,,1610612749,66,98,2026-03-09T01:46:49Z,4430000,False,,,0,,B. Portis REBOUND (Off:2 Def:7),[1626171],1610612749.0,MIL,,,,Portis,B. Portis,,,,,,,,,,,,,,,,,,454.0,9.0,7.0,2.0,,,,,
456,PT01M14.00S,2026-03-09T01:46:56.9Z,3,REGULAR,3pt,Jump Shot,[],1631157,73.01248357424441,9.313725490196079,1610612749,66,98,2026-03-09T01:47:02Z,4440000,False,-203.0,201.0,1,right,MISS R. Rollins 28' 3PT,[1631157],1610612749.0,MIL,,,,Rollins,R. Rollins,,,,,Above the Break 3,24+ Left Center,,,,,,Missed,,,,,28.61,,,,,,,,,
457,PT01M10.00S,2026-03-09T01:47:00.9Z,3,REGULAR,rebound,defensive,[],1630217,,,1610612753,66,98,2026-03-09T01:47:02Z,4450000,False,,,0,,D. Bane REBOUND (Off:1 Def:3),[1630217],1610612753.0,ORL,,,,Bane,D. Bane,,,,,Above the Break 3,24+ Left Center,,,,,,,,,,,,456.0,4.0,3.0,1.0,,,,,
458,PT01M05.00S,2026-03-09T01:47:08.5Z,3,REGULAR,turnover,lost ball,[],1630217,,,1610612753,66,98,2026-03-09T01:48:09Z,4460000,False,,,0,,D. Bane lost ball TURNOVER (3 TO),"[1630217, 1630560]",1610612753.0,ORL,,,,Bane,D. Bane,,,,,Mid-Range,8-16 Left,,,,,,,,3.0,Thomas,1630560.0,,,,,,,,,,
459,PT01M05.00S,2026-03-09T01:47:08.5Z,3,REGULAR,steal,,[],1630560,,,1610612749,66,98,2026-03-09T01:47:12Z,4470000,False,,,0,,C. Thomas STEAL (1 STL),[1630560],1610612749.0,MIL,,,,Thomas,C. Thomas,,,,,Mid-Range,8-16 Left,,,,,,,,,,,,,,,,,,,,
460,PT01M00.00S,2026-03-09T01:47:14.9Z,3,REGULAR,foul,personal,"['inpenalty', '2freethrow']",1629021,,,1610612749,66,98,2026-03-09T01:47:22Z,4480000,False,,,0,,M. Wagner shooting personal FOUL (2 PF) (Thomas 2 FT),"[1629021, 1630560]",1610612753.0,ORL,shooting,,,Wagner,M. Wagner,,,,,Restricted Area,0-8 Center,2004.0,2.0,0.0,Thomas,1630560.0,,,,,,,,,,,,,,,
462,PT01M00.00S,2026-03-09T01:47:39.9Z,3,REGULAR,freethrow,1 of 2,"['fromturnover', 'fastbreak']",1630560,,,1610612749,66,98,2026-03-09T01:47:39Z,4500000,False,,,0,,MISS C. Thomas Free Throw 1 of 2,[1630560],1610612749.0,MIL,,,,Thomas,C. Thomas,,,,,,,,,,,,Missed,,,,,,,,,,,,,,
463,PT01M00.00S,2026-03-09T01:47:39.9Z,3,REGULAR,rebound,offensive,"['deadball', 'team']",0,,,1610612749,66,98,2026-03-09T01:47:39Z,4510000,False,,,0,,TEAM offensive REBOUND,[],1610612749.0,MIL,,,,,,,,,,,,,,,,,,,,,,,462.0,,,,,,,,
464,PT01M00.00S,2026-03-09T01:47:53.9Z,3,REGULAR,freethrow,2 of 2,"['fastbreak', 'fromturnover']",1630560,,,1610612749,67,98,2026-03-09T01:47:53Z,4520000,False,,,0,,C. Thomas Free Throw 2 of 2 (14 PTS),[1630560],1610612749.0,MIL,,,,Thomas,C. Thomas,,,,,,,,,,,,Made,14.0,,,,,,,,,,,,,
465,PT00M48.20S,2026-03-09T01:48:09.7Z,3,REGULAR,foul,offensive,['inpenalty'],1628975,,,1610612753,67,98,2026-03-09T01:48:26Z,4530000,False,,,0,,J. Carter offensive FOUL (1 PF),"[1628975, 1630560]",1610612753.0,ORL,,,,Carter,J. Carter,,,,,Above the Break 3,24+ Right Center,1628951.0,1.0,0.0,Thomas,1630560.0,,,,,,,,,,,,,,,
467,PT00M48.20S,2026-03-09T01:48:09.7Z,3,REGULAR,turnover,offensive foul,[],1628975,,,1610612753,67,98,2026-03-09T01:48:09Z,4550000,False,,,0,,J. Carter offensive foul TURNOVER (1 TO),[1628975],1610612753.0,ORL,,,,Carter,J. Carter,,,,,Above the Break 3,24+ Right Center,1628951.0,,,,,,,1.0,,,,,,,,,,,,
468,PT00M32.10S,2026-03-09T01:48:36.1Z,3,REGULAR,3pt,Jump Shot,['fromturnover'],1629018,85.89027595269383,3.431372549019608,1610612749,67,98,2026-03-09T01:48:44Z,4560000,False,-233.0,80.0,1,right,MISS G. Trent Jr. 24' step back 3PT,[1629018],1610612749.0,MIL,step back,,,Trent Jr.,G. Trent Jr.,,,,,Left Corner 3,24+ Left,,,,,,Missed,,,,,24.62,,,,,,,,,
469,PT00M28.60S,2026-03-09T01:48:39.6Z,3,REGULAR,rebound,defensive,[],1629021,,,1610612753,67,98,2026-03-09T01:48:44Z,4570000,False,,,0,,M. Wagner REBOUND (Off:1 Def:5),[1629021],1610612753.0,ORL,,,,Wagner,M. Wagner,,,,,Left Corner 3,24+ Left,,,,,,,,,,,,468.0,6.0,5.0,1.0,,,,,
470,PT00M10.80S,2026-03-09T01:48:58.5Z,3,REGULAR,2pt,Jump Shot,['pointsinthepaint'],1641724,11.169513797634691,47.85922181372549,1610612753,67,100,2026-03-09T01:49:08Z,4580000,False,11.0,52.0,1,left,J. Howard driving floating Jump Shot (12 PTS) (D. Bane 9 AST),"[1641724, 1630217]",1610612753.0,ORL,driving floating,,,Howard,J. Howard,,,,,In The Paint (Non-RA),0-8 Center,,,,,,Made,12.0,,,,5.36,,,,,D. Bane,1630217.0,9.0,,
472,PT00M01.50S,2026-03-09T01:49:09.7Z,3,REGULAR,3pt,Jump Shot,[],1630560,71.04139290407359,13.970588235294118,1610612749,70,100,2026-03-09T01:49:15Z,4600000,False,-180.0,220.0,1,right,C. Thomas 28' 3PT pullup (17 PTS),[1630560],1610612749.0,MIL,pullup,,,Thomas,C. Thomas,,,,,Above the Break 3,24+ Left Center,,,,,,Made,17.0,,,,28.41,,,,,,,,,
473,PT00M00.40S,2026-03-09T01:49:21.2Z,3,REGULAR,heave,,[],0,,,1610612753,70,100,2026-03-09T01:50:38Z,4610000,False,,,0,,ORL Heave,[],1610612753.0,ORL,,,,,,,,,,Mid-Range,16-24 Right Center,,,,,,,,,,,70.85,,,,,,,,,
474,PT00M00.40S,2026-03-09T01:49:21.2Z,3,REGULAR,rebound,offensive,['team'],0,,,1610612753,70,100,2026-03-09T01:49:56Z,4620000,False,,,0,,TEAM offensive REBOUND,[],1610612753.0,ORL,,,,,,,,,,Mid-Range,16-24 Right Center,,,,,,,,,,,,473.0,,,,,,,,
475,PT00M00.00S,2026-03-09T01:49:36.2Z,3,REGULAR,period,end,[],0,,,1610612753,70,100,2026-03-09T01:49:36Z,4630000,False,,,0,,Period End,[],,,,,,,,,,,,,,,,,,,,,,,,,,,,,,,,,
476,PT12M00.00S,2026-03-09T01:51:43.3Z,4,REGULAR,substitution,out,['startperiod'],1629018,,,1610612753,70,100,2026-03-09T01:52:11Z,4640000,False,,,0,,SUB out: G. Trent Jr.,[1629018],1610612749.0,MIL,,,,Trent Jr.,G. Trent Jr.,,,,,,,,,,,,,,,,,,,,,,,,,,
477,PT12M00.00S,2026-03-09T01:51:43.3Z,4,REGULAR,substitution,out,['startperiod'],1630560,,,1610612753,70,100,2026-03-09T01:52:11Z,4650000,False,,,0,,SUB out: C. Thomas,[1630560],1610612749.0,MIL,,,,Thomas,C. Thomas,,,,,,,,,,,,,,,,,,,,,,,,,,
478,PT12M00.00S,2026-03-09T01:51:43.3Z,4,REGULAR,substitution,out,['startperiod'],1631250,,,1610612753,70,100,2026-03-09T01:52:11Z,4660000,False,,,0,,SUB out: P. Nance,[1631250],1610612749.0,MIL,,,,Nance,P. Nance,,,,,,,,,,,,,,,,,,,,,,,,,,
479,PT12M00.00S,2026-03-09T01:51:43.3Z,4,REGULAR,substitution,out,['startperiod'],1628975,,,1610612753,70,100,2026-03-09T01:52:11Z,4670000,False,,,0,,SUB out: J. Carter,[1628975],1610612753.0,ORL,,,,Carter,J. Carter,,,,,,,,,,,,,,,,,,,,,,,,,,
480,PT12M00.00S,2026-03-09T01:51:43.3Z,4,REGULAR,substitution,out,['startperiod'],1641724,,,1610612753,70,100,2026-03-09T01:52:11Z,4680000,False,,,0,,SUB out: J. Howard,[1641724],1610612753.0,ORL,,,,Howard,J. Howard,,,,,,,,,,,,,,,,,,,,,,,,,,
481,PT12M00.00S,2026-03-09T01:51:43.3Z,4,REGULAR,substitution,in,['startperiod'],1631260,,,1610612753,70,100,2026-03-09T01:52:11Z,4690000,False,,,0,,SUB in: A. Green,[1631260],1610612749.0,MIL,,,,Green,A. Green,,,,,,,,,,,,,,,,,,,,,,,,,,
482,PT12M00.00S,2026-03-09T01:51:43.3Z,4,REGULAR,substitution,in,['startperiod'],1626167,,,1610612753,70,100,2026-03-09T01:52:11Z,4700000,False,,,0,,SUB in: M. Turner,[1626167],1610612749.0,MIL,,,,Turner,M. Turner,,,,,,,,,,,,,,,,,,,,,,,,,,
483,PT12M00.00S,2026-03-09T01:51:43.3Z,4,REGULAR,substitution,in,['startperiod'],1641748,,,1610612753,70,100,2026-03-09T01:52:11Z,4710000,False,,,0,,SUB in: A. Jackson Jr.,[1641748],1610612749.0,MIL,,,,Jackson Jr.,A. Jackson Jr.,,,,,,,,,,,,,,,,,,,,,,,,,,
484,PT12M00.00S,2026-03-09T01:51:43.3Z,4,REGULAR,substitution,in,['startperiod'],1630591,,,1610612753,70,100,2026-03-09T01:52:11Z,4720000,False,,,0,,SUB in: J. Suggs,[1630591],1610612753.0,ORL,,,,Suggs,J. Suggs,,,,,,,,,,,,,,,,,,,,,,,,,,
485,PT12M00.00S,2026-03-09T01:51:43.3Z,4,REGULAR,substitution,in,['startperiod'],1641783,,,1610612753,70,100,2026-03-09T01:52:11Z,4730000,False,,,0,,SUB in: T. da Silva,[1641783],1610612753.0,ORL,,,,da Silva,T. da Silva,,,,,,,,,,,,,,,,,,,,,,,,,,
486,PT12M00.00S,2026-03-09T01:52:07.0Z,4,REGULAR,period,start,[],0,,,1610612753,70,100,2026-03-09T01:52:12Z,4740000,False,,,0,,Period Start,[],,,,,,,,,,,,,,,,,,,,,,,,,,,,,,,,,
487,PT11M51.00S,2026-03-09T01:52:19.1Z,4,REGULAR,foul,offensive,[],1630591,,,1610612753,70,100,2026-03-09T01:52:35Z,4750000,False,,,0,,J. Suggs offensive FOUL (5 PF),"[1630591, 1631157]",1610612753.0,ORL,,,,Suggs,J. Suggs,,,,,Above the Break 3,24+ Right Center,2004.0,5.0,0.0,Rollins,1631157.0,,,,,,,,,,,,,,,
489,PT11M51.00S,2026-03-09T01:52:19.1Z,4,REGULAR,turnover,offensive foul,[],1630591,,,1610612753,70,100,2026-03-09T01:52:35Z,4770000,False,,,0,,J. Suggs offensive foul TURNOVER (5 TO),[1630591],1610612753.0,ORL,,,,Suggs,J. Suggs,,,,,Above the Break 3,24+ Right Center,2004.0,,,,,,,5.0,,,,,,,,,,,,
490,PT11M29.00S,2026-03-09T01:52:52.1Z,4,REGULAR,2pt,Jump Shot,"['pointsinthepaint', 'fromturnover']",1631157,82.47371879106439,37.5,1610612749,72,100,2026-03-09T01:52:58Z,4780000,False,-62.0,112.0,1,right,R. Rollins 12' pullup Jump Shot (12 PTS) (M. Turner 1 AST),"[1631157, 1626167]",1610612749.0,MIL,pullup,,,Rollins,R. Rollins,,,,,In The Paint (Non-RA),8-16 Center,,,,,,Made,12.0,,,,12.84,,,,,M. Turner,1626167.0,1.0,,
492,PT11M12.00S,2026-03-09T01:53:08.9Z,4,REGULAR,2pt,Layup,['pointsinthepaint'],1630217,6.258212877792378,50.73529411764706,1610612753,72,102,2026-03-09T01:53:14Z,4800000,False,-4.0,6.0,1,left,D. Bane driving finger roll Layup (15 PTS),[1630217],1610612753.0,ORL,driving finger roll,,,Bane,D. Bane,,,,,Restricted Area,0-8 Center,,,,,,Made,15.0,,,,0.73,,,,,,,,,
493,PT11M04.00S,2026-03-09T01:53:16.5Z,4,REGULAR,3pt,Jump Shot,[],1631157,79.97700394218134,4.6568627450980395,1610612749,75,102,2026-03-09T01:53:21Z,4810000,False,-227.0,136.0,1,right,R. Rollins 26' 3PT step back (15 PTS),[1631157],1610612749.0,MIL,step back,,,Rollins,R. Rollins,,,,,Above the Break 3,24+ Left Center,,,,,,Made,15.0,,,,26.42,,,,,,,,,
494,PT10M34.00S,2026-03-09T01:53:48.6Z,4,REGULAR,2pt,Jump Shot,[],1642869,6.521024967148489,80.3921568627451,1610612753,75,102,2026-03-09T01:54:50Z,4820000,False,-152.0,9.0,1,left,MISS N. Penda 15' step back Shot,[1642869],1610612753.0,ORL,step back,,,Penda,N. Penda,,,,,Mid-Range,8-16 Left,,,,,,Missed,,,,,15.23,,,,,,,,,
495,PT10M33.00S,2026-03-09T01:53:49.6Z,4,REGULAR,rebound,offensive,[],1629021,,,1610612753,75,102,2026-03-09T01:54:50Z,4830000,False,,,0,,M. Wagner REBOUND (Off:2 Def:5),[1629021],1610612753.0,ORL,,,,Wagner,M. Wagner,,,,,Mid-Range,8-16 Left,,,,,,,,,,,,494.0,7.0,5.0,2.0,,,,,
498,PT10M30.00S,2026-03-09T01:54:25.4Z,4,REGULAR,timeout,full,"['team', 'mandatory']",0,,,1610612753,75,102,2026-03-09T01:56:53Z,4860000,False,,,0,,MIL Timeout,[],1610612749.0,MIL,,,,,,,,,,,,,,,,,,,,,,,,,,,,,,,
500,PT10M30.00S,2026-03-09T01:57:02.5Z,4,REGULAR,2pt,Layup,"['pointsinthepaint', '2ndchance']",1629021,8.492115637319317,54.166666666666664,1610612753,75,102,2026-03-09T01:57:18Z,4880000,False,-21.0,27.0,1,left,MISS M. Wagner driving Layup - blocked,"[1629021, 1626171]",1610612753.0,ORL,driving,,,Wagner,M. Wagner,,,,,Restricted Area,0-8 Center,,,,,,Missed,,,,,3.43,,,,,,,,Portis,1626171.0
501,PT10M30.00S,2026-03-09T01:57:02.5Z,4,REGULAR,block,,[],1626171,,,1610612753,75,102,2026-03-09T01:57:07Z,4890000,False,,,0,,B. Portis BLOCK (1 BLK),[1626171],1610612749.0,MIL,,,,Portis,B. Portis,,,,,Restricted Area,0-8 Center,,,,,,,,,,,,,,,,,,,,
502,PT10M30.00S,2026-03-09T01:57:02.5Z,4,REGULAR,rebound,offensive,['team'],0,,,1610612753,75,102,2026-03-09T01:57:18Z,4900000,False,,,0,,TEAM offensive REBOUND,[],1610612753.0,ORL,,,,,,,,,,Restricted Area,0-8 Center,,,,,,,,,,,,500.0,,,,,,,,
504,PT10M18.00S,2026-03-09T01:57:41.1Z,4,REGULAR,2pt,Layup,"['pointsinthepaint', '2ndchance']",1630217,8.14717477003942,38.50337009803921,1610612753,75,102,2026-03-09T01:57:47Z,4920000,False,57.0,24.0,1,left,MISS D. Bane 6' driving Layup,[1630217],1610612753.0,ORL,driving,,,Bane,D. Bane,,,,,In The Paint (Non-RA),0-8 Center,,,,,,Missed,,,,,6.23,,,,,,,,,
505,PT10M15.00S,2026-03-09T01:57:44.1Z,4,REGULAR,rebound,defensive,[],1641748,,,1610612749,75,102,2026-03-09T01:57:47Z,4930000,False,,,0,,A. Jackson Jr. REBOUND (Off:0 Def:1),[1641748],1610612749.0,MIL,,,,Jackson Jr.,A. Jackson Jr.,,,,,In The Paint (Non-RA),0-8 Center,,,,,,,,,,,,504.0,1.0,1.0,0.0,,,,,
506,PT10M02.00S,2026-03-09T01:57:57.6Z,4,REGULAR,3pt,Jump Shot,[],1631260,69.72733245729303,17.15686274509804,1610612749,75,102,2026-03-09T01:59:56Z,4940000,False,-164.0,232.0,1,right,MISS A. Green 28' pullup 3PT,[1631260],1610612749.0,MIL,pullup,,,Green,A. Green,,,,,Above the Break 3,24+ Left Center,,,,,,Missed,,,,,28.43,,,,,,,,,
507,PT09M59.00S,2026-03-09T01:58:00.6Z,4,REGULAR,rebound,defensive,[],1642869,,,1610612753,75,102,2026-03-09T01:58:07Z,4950000,False,,,0,,N. Penda REBOUND (Off:1 Def:2),[1642869],1610612753.0,ORL,,,,Penda,N. Penda,,,,,Above the Break 3,24+ Left Center,,,,,,,,,,,,506.0,3.0,2.0,1.0,,,,,
508,PT09M58.00S,2026-03-09T01:58:04.1Z,4,REGULAR,foul,personal,['2freethrow'],1631260,,,1610612753,75,102,2026-03-09T01:58:21Z,4960000,False,,,0,,A. Green shooting personal FOUL (2 PF) (Penda 2 FT),"[1631260, 1642869]",1610612749.0,MIL,shooting,,,Green,A. Green,,,,,Restricted Area,0-8 Center,1628951.0,2.0,0.0,Penda,1642869.0,,,,,,,,,,,,,,,
510,PT09M58.00S,2026-03-09T01:58:42.1Z,4,REGULAR,freethrow,1 of 2,['fastbreak'],1642869,,,1610612753,75,103,2026-03-09T01:59:01Z,4980000,False,,,0,,N. Penda Free Throw 1 of 2 (6 PTS),[1642869],1610612753.0,ORL,,,,Penda,N. Penda,,,,,,,,,,,,Made,6.0,,,,,,,,,,,,,
511,PT09M58.00S,2026-03-09T01:58:42.1Z,4,REGULAR,freethrow,2 of 2,['fastbreak'],1642869,,,1610612753,75,103,2026-03-09T01:59:01Z,4990000,False,,,0,,MISS N. Penda Free Throw 2 of 2,[1642869],1610612753.0,ORL,,,,Penda,N. Penda,,,,,,,,,,,,Missed,,,,,,,,,,,,,,
512,PT09M55.00S,2026-03-09T01:58:45.1Z,4,REGULAR,rebound,defensive,[],1626171,,,1610612749,75,103,2026-03-09T01:59:01Z,5000000,False,,,0,,B. Portis REBOUND (Off:2 Def:8),[1626171],1610612749.0,MIL,,,,Portis,B. Portis,,,,,,,,,,,,,,,,,,511.0,10.0,8.0,2.0,,,,,
513,PT09M42.00S,2026-03-09T01:59:14.1Z,4,REGULAR,3pt,Jump Shot,[],1631157,73.80091984231275,11.76470588235294,1610612749,75,103,2026-03-09T01:59:18Z,5010000,False,-191.0,194.0,1,right,MISS R. Rollins 27' 3PT,[1631157],1610612749.0,MIL,,,,Rollins,R. Rollins,,,,,Above the Break 3,24+ Left Center,,,,,,Missed,,,,,27.22,,,,,,,,,
514,PT09M38.00S,2026-03-09T01:59:18.1Z,4,REGULAR,rebound,defensive,[],1629021,,,1610612753,75,103,2026-03-09T01:59:18Z,5020000,False,,,0,,M. Wagner REBOUND (Off:2 Def:6),[1629021],1610612753.0,ORL,,,,Wagner,M. Wagner,,,,,Above the Break 3,24+ Left Center,,,,,,,,,,,,513.0,8.0,6.0,2.0,,,,,
515,PT09M33.00S,2026-03-09T01:59:24.4Z,4,REGULAR,foul,personal,['3freethrow'],1626167,,,1610612753,75,103,2026-03-09T01:59:43Z,5030000,False,,,0,,M. Turner shooting personal FOUL (3 PF) (Suggs 3 FT),"[1626167, 1630591]",1610612749.0,MIL,shooting,,,Turner,M. Turner,,,,,Above the Break 3,24+ Center,2004.0,3.0,0.0,Suggs,1630591.0,,,,,,,,,,,,,,,
517,PT09M33.00S,2026-03-09T01:59:50.4Z,4,REGULAR,freethrow,1 of 3,[],1630591,,,1610612753,75,104,2026-03-09T01:59:50Z,5050000,False,,,0,,J. Suggs Free Throw 1 of 3 (18 PTS),[1630591],1610612753.0,ORL,,,,Suggs,J. Suggs,,,,,,,,,,,,Made,18.0,,,,,,,,,,,,,
518,PT09M33.00S,2026-03-09T02:00:05.7Z,4,REGULAR,freethrow,2 of 3,[],1630591,,,1610612753,75,105,2026-03-09T02:00:05Z,5060000,False,,,0,,J. Suggs Free Throw 2 of 3 (19 PTS),[1630591],1610612753.0,ORL,,,,Suggs,J. Suggs,,,,,,,,,,,,Made,19.0,,,,,,,,,,,,,
519,PT09M33.00S,2026-03-09T02:00:20.4Z,4,REGULAR,freethrow,3 of 3,[],1630591,,,1610612753,75,106,2026-03-09T02:00:20Z,5070000,False,,,0,,J. Suggs Free Throw 3 of 3 (20 PTS),[1630591],1610612753.0,ORL,,,,Suggs,J. Suggs,,,,,,,,,,,,Made,20.0,,,,,,,,,,,,,
520,PT09M22.00S,2026-03-09T02:00:32.6Z,4,REGULAR,3pt,Jump Shot,[],1641748,92.46057818659659,96.56862745098039,1610612749,75,106,2026-03-09T02:00:41Z,5080000,False,233.0,18.0,1,right,MISS A. Jackson Jr. 3PT,[1641748],1610612749.0,MIL,,,,Jackson Jr.,A. Jackson Jr.,,,,,Right Corner 3,24+ Right,,,,,,Missed,,,,,23.35,,,,,,,,,
521,PT09M22.00S,2026-03-09T02:00:32.6Z,4,REGULAR,rebound,offensive,['team'],0,,,1610612749,75,106,2026-03-09T02:00:41Z,5090000,False,,,0,,TEAM offensive REBOUND,[],1610612749.0,MIL,,,,,,,,,,Right Corner 3,24+ Right,,,,,,,,,,,,520.0,,,,,,,,
522,PT09M22.00S,2026-03-09T02:00:40.6Z,4,REGULAR,foul,personal,[],1629021,,,1610612749,75,106,2026-03-09T02:00:50Z,5100000,False,,,0,,M. Wagner loose ball personal FOUL (3 PF),"[1629021, 1626167]",1610612753.0,ORL,loose ball,,,Wagner,M. Wagner,,,,,Mid-Range,8-16 Right,2004.0,3.0,0.0,Turner,1626167.0,,,,,,,,,,,,,,,
524,PT09M22.00S,2026-03-09T02:00:49.8Z,4,REGULAR,substitution,out,[],1630591,,,1610612749,75,106,2026-03-09T02:00:58Z,5120000,False,,,0,,SUB out: J. Suggs,[1630591],1610612753.0,ORL,,,,Suggs,J. Suggs,,,,,,,,,,,,,,,,,,,,,,,,,,
525,PT09M22.00S,2026-03-09T02:00:49.8Z,4,REGULAR,substitution,in,[],1628975,,,1610612749,75,106,2026-03-09T02:00:58Z,5130000,False,,,0,,SUB in: J. Carter,[1628975],1610612753.0,ORL,,,,Carter,J. Carter,,,,,,,,,,,,,,,,,,,,,,,,,,
526,PT09M22.00S,2026-03-09T02:01:03.3Z,4,REGULAR,substitution,out,[],1626167,,,1610612749,75,106,2026-03-09T02:01:22Z,5140000,False,,,0,,SUB out: M. Turner,[1626167],1610612749.0,MIL,,,,Turner,M. Turner,,,,,,,,,,,,,,,,,,,,,,,,,,
527,PT09M22.00S,2026-03-09T02:01:03.3Z,4,REGULAR,substitution,out,[],1626171,,,1610612749,75,106,2026-03-09T02:01:22Z,5150000,False,,,0,,SUB out: B. Portis,[1626171],1610612749.0,MIL,,,,Portis,B. Portis,,,,,,,,,,,,,,,,,,,,,,,,,,
528,PT09M22.00S,2026-03-09T02:01:03.3Z,4,REGULAR,substitution,out,[],1631157,,,1610612749,75,106,2026-03-09T02:01:22Z,5160000,False,,,0,,SUB out: R. Rollins,[1631157],1610612749.0,MIL,,,,Rollins,R. Rollins,,,,,,,,,,,,,,,,,,,,,,,,,,
529,PT09M22.00S,2026-03-09T02:01:03.3Z,4,REGULAR,substitution,in,[],203648,,,1610612749,75,106,2026-03-09T02:01:22Z,5170000,False,,,0,,SUB in: T. Antetokounmpo,[203648],1610612749.0,MIL,,,,Antetokounmpo,T. Antetokounmpo,,,,,,,,,,,,,,,,,,,,,,,,,,
530,PT09M22.00S,2026-03-09T02:01:03.3Z,4,REGULAR,substitution,in,[],1631250,,,1610612749,75,106,2026-03-09T02:01:22Z,5180000,False,,,0,,SUB in: P. Nance,[1631250],1610612749.0,MIL,,,,Nance,P. Nance,,,,,,,,,,,,,,,,,,,,,,,,,,
531,PT09M22.00S,2026-03-09T02:01:03.3Z,4,REGULAR,substitution,in,[],1629018,,,1610612749,75,106,2026-03-09T02:01:22Z,5190000,False,,,0,,SUB in: G. Trent Jr.,[1629018],1610612749.0,MIL,,,,Trent Jr.,G. Trent Jr.,,,,,,,,,,,,,,,,,,,,,,,,,,
532,PT09M13.00S,2026-03-09T02:01:34.7Z,4,REGULAR,3pt,Jump Shot,['2ndchance'],1641748,67.7562417871222,69.11764705882352,1610612749,78,106,2026-03-09T02:01:40Z,5200000,False,96.0,251.0,1,right,A. Jackson Jr. 26' 3PT  (3 PTS) (P. Nance 1 AST),"[1641748, 1631250]",1610612749.0,MIL,,,,Jackson Jr.,A. Jackson Jr.,,,,,Above the Break 3,24+ Right Center,,,,,,Made,3.0,,,,26.82,,,,,P. Nance,1631250.0,1.0,,
534,PT08M50.00S,2026-03-09T02:01:56.2Z,4,REGULAR,2pt,Jump Shot,['pointsinthepaint'],1628975,8.492115637319317,50.98039215686274,1610612753,78,106,2026-03-09T02:02:03Z,5220000,False,-5.0,27.0,1,left,MISS J. Carter turnaround Shot,[1628975],1610612753.0,ORL,turnaround,,,Carter,J. Carter,,,,,Restricted Area,0-8 Center,,,,,,Missed,,,,,2.77,,,,,,,,,
535,PT08M48.00S,2026-03-09T02:01:58.7Z,4,REGULAR,rebound,offensive,[],1630217,,,1610612753,78,106,2026-03-09T02:01:58Z,5230000,False,,,0,,D. Bane REBOUND (Off:2 Def:3),[1630217],1610612753.0,ORL,,,,Bane,D. Bane,,,,,Restricted Area,0-8 Center,,,,,,,,,,,,534.0,5.0,3.0,2.0,,,,,
536,PT08M43.00S,2026-03-09T02:02:03.5Z,4,REGULAR,2pt,Hook,"['pointsinthepaint', '2ndchance']",1629021,10.5946123521682,37.00980392156863,1610612753,78,106,2026-03-09T02:02:09Z,5240000,False,65.0,47.0,1,left,MISS M. Wagner 8' turnaround bank Hook,[1629021],1610612753.0,ORL,turnaround bank,,,Wagner,M. Wagner,,,,,In The Paint (Non-RA),0-8 Center,,,,,,Missed,,,,,8.03,,,,,,,,,
537,PT08M40.00S,2026-03-09T02:02:06.5Z,4,REGULAR,rebound,defensive,[],1641748,,,1610612749,78,106,2026-03-09T02:02:09Z,5250000,False,,,0,,A. Jackson Jr. REBOUND (Off:0 Def:2),[1641748],1610612749.0,MIL,,,,Jackson Jr.,A. Jackson Jr.,,,,,In The Paint (Non-RA),0-8 Center,,,,,,,,,,,,536.0,2.0,2.0,0.0,,,,,
538,PT08M37.00S,2026-03-09T02:02:09.9Z,4,REGULAR,2pt,Layup,"['pointsinthepaint', 'fastbreak']",1641748,90.22667542706965,46.07843137254902,1610612749,78,106,2026-03-09T02:02:15Z,5260000,False,-20.0,39.0,1,right,MISS A. Jackson Jr. running Layup,[1641748],1610612749.0,MIL,running,,,Jackson Jr.,A. Jackson Jr.,,,,,Restricted Area,0-8 Center,,,,,,Missed,,,,,4.4,,,,,,,,,
539,PT08M34.00S,2026-03-09T02:02:12.9Z,4,REGULAR,rebound,defensive,[],1629021,,,1610612753,78,106,2026-03-09T02:02:15Z,5270000,False,,,0,,M. Wagner REBOUND (Off:2 Def:7),[1629021],1610612753.0,ORL,,,,Wagner,M. Wagner,,,,,Restricted Area,0-8 Center,,,,,,,,,,,,538.0,9.0,7.0,2.0,,,,,
540,PT08M29.00S,2026-03-09T02:02:20.1Z,4,REGULAR,2pt,Layup,['pointsinthepaint'],1630217,6.915243101182654,49.50980392156863,1610612753,78,108,2026-03-09T02:02:25Z,5280000,False,2.0,13.0,1,left,D. Bane driving finger roll Layup (17 PTS),[1630217],1610612753.0,ORL,driving finger roll,,,Bane,D. Bane,,,,,Restricted Area,0-8 Center,,,,,,Made,17.0,,,,1.27,,,,,,,,,
541,PT08M29.00S,2026-03-09T02:02:23.5Z,4,REGULAR,foul,personal,['1freethrow'],1629018,,,1610612753,78,108,2026-03-09T02:02:46Z,5290000,False,,,0,,G. Trent Jr. shooting personal FOUL (1 PF) (Bane 1 FT),"[1629018, 1630217]",1610612749.0,MIL,shooting,,,Trent Jr.,G. Trent Jr.,,,,,Restricted Area,0-8 Center,2004.0,1.0,0.0,Bane,1630217.0,,,,,,,,,,,,,,,
543,PT08M29.00S,2026-03-09T02:02:33.2Z,4,REGULAR,substitution,out,[],1629021,,,1610612753,78,108,2026-03-09T02:02:43Z,5310000,False,,,0,,SUB out: M. Wagner,[1629021],1610612753.0,ORL,,,,Wagner,M. Wagner,,,,,,,,,,,,,,,,,,,,,,,,,,
544,PT08M29.00S,2026-03-09T02:02:33.2Z,4,REGULAR,substitution,in,[],1629048,,,1610612753,78,108,2026-03-09T02:02:43Z,5320000,False,,,0,,SUB in: G. Bitadze,[1629048],1610612753.0,ORL,,,,Bitadze,G. Bitadze,,,,,,,,,,,,,,,,,,,,,,,,,,
545,PT08M29.00S,2026-03-09T02:02:52.3Z,4,REGULAR,freethrow,1 of 1,[],1630217,,,1610612753,78,109,2026-03-09T02:02:52Z,5330000,False,,,0,,D. Bane Free Throw 1 of 1 (18 PTS),[1630217],1610612753.0,ORL,,,,Bane,D. Bane,,,,,,,,,,,,Made,18.0,,,,,,,,,,,,,
546,PT08M17.00S,2026-03-09T02:03:08.5Z,4,REGULAR,foul,personal,['2freethrow'],1642869,,,1610612749,78,109,2026-03-09T02:03:34Z,5340000,False,,,0,,N. Penda shooting personal FOUL (1 PF) (Antetokounmpo 2 FT),"[1642869, 203648]",1610612753.0,ORL,shooting,,,Penda,N. Penda,,,,,In The Paint (Non-RA),0-8 Center,2004.0,1.0,0.0,Antetokounmpo,203648.0,,,,,,,,,,,,,,,
548,PT08M17.00S,2026-03-09T02:03:35.1Z,4,REGULAR,freethrow,1 of 2,[],203648,,,1610612749,79,109,2026-03-09T02:03:35Z,5360000,False,,,0,,T. Antetokounmpo Free Throw 1 of 2 (1 PTS),[203648],1610612749.0,MIL,,,,Antetokounmpo,T. Antetokounmpo,,,,,,,,,,,,Made,1.0,,,,,,,,,,,,,
549,PT08M17.00S,2026-03-09T02:03:37.6Z,4,REGULAR,substitution,out,[],1630217,,,1610612749,79,109,2026-03-09T02:03:43Z,5370000,False,,,0,,SUB out: D. Bane,[1630217],1610612753.0,ORL,,,,Bane,D. Bane,,,,,,,,,,,,,,,,,,,,,,,,,,
550,PT08M17.00S,2026-03-09T02:03:37.6Z,4,REGULAR,substitution,in,[],1631288,,,1610612749,79,109,2026-03-09T02:03:43Z,5380000,False,,,0,,SUB in: J. Cain,[1631288],1610612753.0,ORL,,,,Cain,J. Cain,,,,,,,,,,,,,,,,,,,,,,,,,,
551,PT08M17.00S,2026-03-09T02:03:46.0Z,4,REGULAR,substitution,out,[],1641783,,,1610612749,79,109,2026-03-09T02:03:52Z,5390000,False,,,0,,SUB out: T. da Silva,[1641783],1610612753.0,ORL,,,,da Silva,T. da Silva,,,,,,,,,,,,,,,,,,,,,,,,,,
552,PT08M17.00S,2026-03-09T02:03:46.0Z,4,REGULAR,substitution,in,[],1641724,,,1610612749,79,109,2026-03-09T02:03:52Z,5400000,False,,,0,,SUB in: J. Howard,[1641724],1610612753.0,ORL,,,,Howard,J. Howard,,,,,,,,,,,,,,,,,,,,,,,,,,
553,PT08M17.00S,2026-03-09T02:04:03.6Z,4,REGULAR,freethrow,2 of 2,[],203648,,,1610612749,80,109,2026-03-09T02:04:03Z,5410000,False,,,0,,T. Antetokounmpo Free Throw 2 of 2 (2 PTS),[203648],1610612749.0,MIL,,,,Antetokounmpo,T. Antetokounmpo,,,,,,,,,,,,Made,2.0,,,,,,,,,,,,,
554,PT08M01.00S,2026-03-09T02:04:19.9Z,4,REGULAR,3pt,Jump Shot,[],1642869,15.243101182654403,96.34650735294117,1610612753,80,109,2026-03-09T02:04:28Z,5420000,False,-232.0,91.0,1,left,MISS N. Penda 24' 3PT,[1642869],1610612753.0,ORL,,,,Penda,N. Penda,,,,,Above the Break 3,24+ Left,,,,,,Missed,,,,,24.89,,,,,,,,,
555,PT07M59.00S,2026-03-09T02:04:21.9Z,4,REGULAR,rebound,offensive,[],1629048,,,1610612753,80,109,2026-03-09T02:04:28Z,5430000,False,,,0,,G. Bitadze REBOUND (Off:1 Def:0),[1629048],1610612753.0,ORL,,,,Bitadze,G. Bitadze,,,,,Above the Break 3,24+ Left,,,,,,,,,,,,554.0,1.0,0.0,1.0,,,,,
556,PT07M57.00S,2026-03-09T02:04:28.0Z,4,REGULAR,foul,personal,[],1641748,,,1610612753,80,109,2026-03-09T02:04:38Z,5440000,False,,,0,,A. Jackson Jr. personal FOUL (1 PF),"[1641748, 1641724]",1610612749.0,MIL,,,,Jackson Jr.,A. Jackson Jr.,,,,,Mid-Range,16-24 Left Center,201245.0,1.0,0.0,Howard,1641724.0,,,,,,,,,,,,,,,
558,PT07M51.00S,2026-03-09T02:04:47.3Z,4,REGULAR,3pt,Jump Shot,['2ndchance'],1641724,34.11629434954008,52.69607843137255,1610612753,80,109,2026-03-09T02:04:55Z,5460000,False,-13.0,268.0,1,left,MISS J. Howard 26' pullup 3PT,[1641724],1610612753.0,ORL,pullup,,,Howard,J. Howard,,,,,Above the Break 3,24+ Center,,,,,,Missed,,,,,26.85,,,,,,,,,
559,PT07M47.00S,2026-03-09T02:04:51.3Z,4,REGULAR,rebound,defensive,[],1631250,,,1610612749,80,109,2026-03-09T02:04:55Z,5470000,False,,,0,,P. Nance REBOUND (Off:0 Def:1),[1631250],1610612749.0,MIL,,,,Nance,P. Nance,,,,,Above the Break 3,24+ Center,,,,,,,,,,,,558.0,1.0,1.0,0.0,,,,,
560,PT07M37.00S,2026-03-09T02:05:00.3Z,4,REGULAR,2pt,DUNK,['pointsinthepaint'],1631250,92.72339027595268,50.73529411764706,1610612749,82,109,2026-03-09T02:05:05Z,5480000,False,4.0,16.0,1,right,P. Nance cutting DUNK (4 PTS) (A. Jackson Jr. 1 AST),"[1631250, 1641748]",1610612749.0,MIL,cutting,,,Nance,P. Nance,,,,,Restricted Area,0-8 Center,,,,,,Made,4.0,,,,1.63,,,,,A. Jackson Jr.,1641748.0,1.0,,
562,PT07M27.00S,2026-03-09T02:05:13.9Z,4,REGULAR,2pt,Layup,['pointsinthepaint'],1629048,7.440867279894875,51.225490196078425,1610612753,82,111,2026-03-09T02:05:32Z,5500000,False,-6.0,17.0,1,left,G. Bitadze cutting Layup (2 PTS) (N. Penda 2 AST),"[1629048, 1642869]",1610612753.0,ORL,cutting,,,Bitadze,G. Bitadze,,,,,Restricted Area,0-8 Center,,,,,,Made,2.0,,,,1.84,,,,,N. Penda,1642869.0,2.0,,
564,PT07M27.00S,2026-03-09T02:05:18.8Z,4,REGULAR,foul,personal,"['inpenalty', '1freethrow']",1631250,,,1610612753,82,111,2026-03-09T02:05:42Z,5520000,False,,,0,,P. Nance shooting personal FOUL (3 PF) (Bitadze 1 FT),"[1631250, 1629048]",1610612749.0,MIL,shooting,,,Nance,P. Nance,,,,,Restricted Area,0-8 Center,1628951.0,3.0,1.0,Bitadze,1629048.0,,,,,,,,,,,,,,,
566,PT07M27.00S,2026-03-09T02:05:43.4Z,4,REGULAR,freethrow,1 of 1,[],1629048,,,1610612753,82,112,2026-03-09T02:05:43Z,5540000,False,,,0,,G. Bitadze Free Throw 1 of 1 (3 PTS),[1629048],1610612753.0,ORL,,,,Bitadze,G. Bitadze,,,,,,,,,,,,Made,3.0,,,,,,,,,,,,,
567,PT07M09.00S,2026-03-09T02:05:59.9Z,4,REGULAR,3pt,Jump Shot,[],1629018,67.62483574244416,78.92156862745098,1610612749,82,112,2026-03-09T02:06:04Z,5550000,False,145.0,252.0,1,right,MISS G. Trent Jr. 29' 3PT,[1629018],1610612749.0,MIL,,,,Trent Jr.,G. Trent Jr.,,,,,Above the Break 3,24+ Right Center,,,,,,Missed,,,,,29.04,,,,,,,,,
568,PT07M05.00S,2026-03-09T02:06:03.9Z,4,REGULAR,rebound,defensive,[],1629048,,,1610612753,82,112,2026-03-09T02:06:04Z,5560000,False,,,0,,G. Bitadze REBOUND (Off:1 Def:1),[1629048],1610612753.0,ORL,,,,Bitadze,G. Bitadze,,,,,Above the Break 3,24+ Right Center,,,,,,,,,,,,567.0,2.0,1.0,1.0,,,,,
569,PT06M53.00S,2026-03-09T02:06:16.0Z,4,REGULAR,2pt,Jump Shot,['pointsinthepaint'],1631288,12.697109067017081,55.14705882352941,1610612753,82,112,2026-03-09T02:06:23Z,5570000,False,-26.0,67.0,1,left,MISS J. Cain 7' pullup Shot,[1631288],1610612753.0,ORL,pullup,,,Cain,J. Cain,,,,,In The Paint (Non-RA),0-8 Center,,,,,,Missed,,,,,7.17,,,,,,,,,
570,PT06M49.00S,2026-03-09T02:06:19.2Z,4,REGULAR,rebound,offensive,[],1629048,,,1610612753,82,112,2026-03-09T02:06:19Z,5580000,False,,,0,,G. Bitadze REBOUND (Off:2 Def:1),[1629048],1610612753.0,ORL,,,,Bitadze,G. Bitadze,,,,,In The Paint (Non-RA),0-8 Center,,,,,,,,,,,,569.0,3.0,1.0,2.0,,,,,
571,PT06M47.00S,2026-03-09T02:06:21.2Z,4,REGULAR,2pt,Jump Shot,['2ndchance'],1628975,16.63929040735874,79.41176470588235,1610612753,82,114,2026-03-09T02:06:26Z,5590000,False,-147.0,104.0,1,left,J. Carter 18' pullup Jump Shot (5 PTS) (G. Bitadze 1 AST),"[1628975, 1629048]",1610612753.0,ORL,pullup,,,Carter,J. Carter,,,,,Mid-Range,16-24 Left,,,,,,Made,5.0,,,,18.01,,,,,G. Bitadze,1629048.0,1.0,,
573,PT06M33.00S,2026-03-09T02:06:35.7Z,4,REGULAR,3pt,Jump Shot,[],1641748,65.48743429697767,47.966452205882355,1610612749,82,114,2026-03-09T02:07:06Z,5610000,False,-10.0,272.0,1,right,MISS A. Jackson Jr. 27' pullup 3PT,[1641748],1610612749.0,MIL,pullup,,,Jackson Jr.,A. Jackson Jr.,,,,,Above the Break 3,24+ Center,,,,,,Missed,,,,,27.21,,,,,,,,,
574,PT06M30.00S,2026-03-09T02:06:38.7Z,4,REGULAR,rebound,offensive,[],1631250,,,1610612749,82,114,2026-03-09T02:07:00Z,5620000,False,,,0,,P. Nance REBOUND (Off:1 Def:1),[1631250],1610612749.0,MIL,,,,Nance,P. Nance,,,,,Above the Break 3,24+ Center,,,,,,,,,,,,573.0,2.0,1.0,1.0,,,,,
575,PT06M29.00S,2026-03-09T02:06:42.9Z,4,REGULAR,2pt,DUNK,"['2ndchance', 'pointsinthepaint']",1631250,94.40999984741211,50.0,1610612749,84,114,2026-03-09T02:06:50Z,5630000,False,0.0,0.0,1,right,P. Nance putback DUNK (6 PTS),[1631250],1610612749.0,MIL,putback,,,Nance,P. Nance,,,,,Restricted Area,0-8 Center,,,,,,Made,6.0,,,,0.0,,,,,,,,,
576,PT06M06.00S,2026-03-09T02:07:02.4Z,4,REGULAR,3pt,Jump Shot,[],1628975,25.443495400788436,11.519607843137255,1610612753,84,114,2026-03-09T02:07:44Z,5640000,False,192.0,187.0,1,left,MISS J. Carter 26' pullup 3PT,[1628975],1610612753.0,ORL,pullup,,,Carter,J. Carter,,,,,Above the Break 3,24+ Right Center,,,,,,Missed,,,,,26.81,,,,,,,,,
577,PT06M05.00S,2026-03-09T02:07:03.4Z,4,REGULAR,rebound,offensive,['team'],0,,,1610612753,84,114,2026-03-09T02:07:12Z,5650000,False,,,0,,TEAM offensive REBOUND,[],1610612753.0,ORL,,,,,,,,,,Above the Break 3,24+ Right Center,,,,,,,,,,,,576.0,,,,,,,,
579,PT05M58.00S,2026-03-09T02:07:27.5Z,4,REGULAR,2pt,Layup,"['pointsinthepaint', '2ndchance']",1629048,5.601182654402102,51.9607843137255,1610612753,84,116,2026-03-09T02:07:33Z,5670000,False,-10.0,0.0,1,left,G. Bitadze reverse Layup (5 PTS) (J. Howard 2 AST),"[1629048, 1641724]",1610612753.0,ORL,reverse,,,Bitadze,G. Bitadze,,,,,Restricted Area,0-8 Center,,,,,,Made,5.0,,,,0.98,,,,,J. Howard,1641724.0,2.0,,
581,PT05M46.00S,2026-03-09T02:07:39.3Z,4,REGULAR,3pt,Jump Shot,[],1631250,65.65374507227332,46.81372549019608,1610612749,84,116,2026-03-09T02:07:44Z,5690000,False,-16.0,270.0,1,right,MISS P. Nance 27' 3PT,[1631250],1610612749.0,MIL,,,,Nance,P. Nance,,,,,Above the Break 3,24+ Center,,,,,,Missed,,,,,27.09,,,,,,,,,
582,PT05M43.00S,2026-03-09T02:07:42.3Z,4,REGULAR,rebound,defensive,[],1642869,,,1610612753,84,116,2026-03-09T02:07:44Z,5700000,False,,,0,,N. Penda REBOUND (Off:1 Def:3),[1642869],1610612753.0,ORL,,,,Penda,N. Penda,,,,,Above the Break 3,24+ Center,,,,,,,,,,,,581.0,4.0,3.0,1.0,,,,,
583,PT05M36.00S,2026-03-09T02:07:49.1Z,4,REGULAR,3pt,Jump Shot,['fastbreak'],1631288,28.225607752956638,75.51317401960785,1610612753,84,119,2026-03-09T02:08:59Z,5710000,False,-128.0,213.0,1,left,J. Cain 24' 3PT running pullup (3 PTS) (N. Penda 3 AST),"[1631288, 1642869]",1610612753.0,ORL,running pullup,,,Cain,J. Cain,,,,,Above the Break 3,24+ Left Center,,,,,,Made,3.0,,,,24.81,,,,,N. Penda,1642869.0,3.0,,
585,PT05M18.00S,2026-03-09T02:08:07.1Z,4,REGULAR,3pt,Jump Shot,[],1641748,90.80157687253615,2.9641544117647056,1610612749,84,119,2026-03-09T02:08:14Z,5730000,False,-235.0,34.0,1,right,MISS A. Jackson Jr. 3PT,[1641748],1610612749.0,MIL,,,,Jackson Jr.,A. Jackson Jr.,,,,,Left Corner 3,24+ Left,,,,,,Missed,,,,,23.76,,,,,,,,,
586,PT05M14.00S,2026-03-09T02:08:11.1Z,4,REGULAR,rebound,defensive,[],1629048,,,1610612753,84,119,2026-03-09T02:08:14Z,5740000,False,,,0,,G. Bitadze REBOUND (Off:2 Def:2),[1629048],1610612753.0,ORL,,,,Bitadze,G. Bitadze,,,,,Left Corner 3,24+ Left,,,,,,,,,,,,585.0,4.0,2.0,2.0,,,,,
587,PT05M05.00S,2026-03-09T02:08:21.7Z,4,REGULAR,3pt,Jump Shot,[],1631288,32.013797634691194,71.07843137254902,1610612753,84,122,2026-03-09T02:09:27Z,5750000,False,-105.0,248.0,1,left,J. Cain 26' 3PT pullup (6 PTS),[1631288],1610612753.0,ORL,pullup,,,Cain,J. Cain,,,,,Above the Break 3,24+ Left Center,,,,,,Made,6.0,,,,26.98,,,,,,,,,
588,PT04M48.00S,2026-03-09T02:08:37.7Z,4,REGULAR,2pt,Jump Shot,[],1629018,78.66294349540078,19.362745098039216,1610612749,86,122,2026-03-09T02:08:44Z,5760000,False,-153.0,148.0,1,right,G. Trent Jr. 21' step back Jump Shot (6 PTS) (P. Nance 2 AST),"[1629018, 1631250]",1610612749.0,MIL,step back,,,Trent Jr.,G. Trent Jr.,,,,,Mid-Range,16-24 Left Center,,,,,,Made,6.0,,,,21.31,,,,,P. Nance,1631250.0,2.0,,
590,PT04M24.00S,2026-03-09T02:09:01.8Z,4,REGULAR,3pt,Jump Shot,[],1628975,7.046649145860711,97.54901960784314,1610612753,86,122,2026-03-09T02:09:07Z,5780000,False,-238.0,14.0,1,left,MISS J. Carter 3PT,[1628975],1610612753.0,ORL,,,,Carter,J. Carter,,,,,Left Corner 3,24+ Left,,,,,,Missed,,,,,23.81,,,,,,,,,
591,PT04M20.00S,2026-03-09T02:09:05.3Z,4,REGULAR,rebound,defensive,[],1631260,,,1610612749,86,122,2026-03-09T02:09:05Z,5790000,False,,,0,,A. Green REBOUND (Off:0 Def:1),[1631260],1610612749.0,MIL,,,,Green,A. Green,,,,,Left Corner 3,24+ Left,,,,,,,,,,,,590.0,1.0,1.0,0.0,,,,,
592,PT04M06.00S,2026-03-09T02:09:19.7Z,4,REGULAR,3pt,Jump Shot,[],1629018,71.30420499342969,80.88235294117648,1610612749,89,122,2026-03-09T02:09:24Z,5800000,False,154.0,217.0,1,right,G. Trent Jr. 26' 3PT  (9 PTS) (T. Antetokounmpo 1 AST),"[1629018, 203648]",1610612749.0,MIL,,,,Trent Jr.,G. Trent Jr.,,,,,Above the Break 3,24+ Right Center,,,,,,Made,9.0,,,,26.65,,,,,T. Antetokounmpo,203648.0,1.0,,
594,PT03M51.00S,2026-03-09T02:09:35.6Z,4,REGULAR,3pt,Jump Shot,[],1629048,33.98488830486202,47.05882352941176,1610612753,89,122,2026-03-09T02:09:41Z,5820000,False,15.0,267.0,1,left,MISS G. Bitadze 26' 3PT,[1629048],1610612753.0,ORL,,,,Bitadze,G. Bitadze,,,,,Above the Break 3,24+ Center,,,,,,Missed,,,,,26.74,,,,,,,,,
595,PT03M47.00S,2026-03-09T02:09:39.6Z,4,REGULAR,rebound,defensive,[],1629018,,,1610612749,89,122,2026-03-09T02:09:41Z,5830000,False,,,0,,G. Trent Jr. REBOUND (Off:1 Def:2),[1629018],1610612749.0,MIL,,,,Trent Jr.,G. Trent Jr.,,,,,Above the Break 3,24+ Center,,,,,,,,,,,,594.0,3.0,2.0,1.0,,,,,
596,PT03M41.00S,2026-03-09T02:09:44.3Z,4,REGULAR,3pt,Jump Shot,[],1631260,74.85216819973719,12.009803921568627,1610612749,89,122,2026-03-09T02:09:49Z,5840000,False,-190.0,184.0,1,right,MISS A. Green 26' 3PT,[1631260],1610612749.0,MIL,,,,Green,A. Green,,,,,Above the Break 3,24+ Left Center,,,,,,Missed,,,,,26.44,,,,,,,,,
597,PT03M37.00S,2026-03-09T02:09:48.3Z,4,REGULAR,rebound,defensive,[],1642869,,,1610612753,89,122,2026-03-09T02:09:49Z,5850000,False,,,0,,N. Penda REBOUND (Off:1 Def:4),[1642869],1610612753.0,ORL,,,,Penda,N. Penda,,,,,Above the Break 3,24+ Left Center,,,,,,,,,,,,596.0,5.0,4.0,1.0,,,,,
598,PT03M37.00S,2026-03-09T02:09:52.6Z,4,REGULAR,foul,personal,"['inpenalty', '2freethrow']",1629018,,,1610612753,89,122,2026-03-09T02:10:01Z,5860000,False,,,0,,G. Trent Jr. personal FOUL (2 PF) (Penda 2 FT),"[1629018, 1642869]",1610612749.0,MIL,,,,Trent Jr.,G. Trent Jr.,,,,,Mid-Range,16-24 Left Center,2004.0,2.0,0.0,Penda,1642869.0,,,,,,,,,,,,,,,
600,PT03M37.00S,2026-03-09T02:10:14.0Z,4,REGULAR,freethrow,1 of 2,[],1642869,,,1610612753,89,123,2026-03-09T02:10:14Z,5880000,False,,,0,,N. Penda Free Throw 1 of 2 (7 PTS),[1642869],1610612753.0,ORL,,,,Penda,N. Penda,,,,,,,,,,,,Made,7.0,,,,,,,,,,,,,
601,PT03M37.00S,2026-03-09T02:10:27.0Z,4,REGULAR,freethrow,2 of 2,[],1642869,,,1610612753,89,124,2026-03-09T02:10:27Z,5890000,False,,,0,,N. Penda Free Throw 2 of 2 (8 PTS),[1642869],1610612753.0,ORL,,,,Penda,N. Penda,,,,,,,,,,,,Made,8.0,,,,,,,,,,,,,
602,PT03M24.00S,2026-03-09T02:10:46.4Z,4,REGULAR,foul,personal,[],1628975,,,1610612749,89,124,2026-03-09T02:11:08Z,5900000,False,,,0,,J. Carter personal FOUL (2 PF),"[1628975, 1629018]",1610612753.0,ORL,,,,Carter,J. Carter,,,,,Above the Break 3,24+ Right Center,201245.0,2.0,0.0,Trent Jr.,1629018.0,,,,,,,,,,,,,,,
604,PT03M18.00S,2026-03-09T02:11:06.4Z,4,REGULAR,3pt,Jump Shot,[],1629018,85.54533508541394,3.209252450980392,1610612749,89,124,2026-03-09T02:11:13Z,5920000,False,-234.0,83.0,1,right,MISS G. Trent Jr. 24' 3PT,[1629018],1610612749.0,MIL,,,,Trent Jr.,G. Trent Jr.,,,,,Left Corner 3,24+ Left,,,,,,Missed,,,,,24.84,,,,,,,,,
605,PT03M14.00S,2026-03-09T02:11:10.4Z,4,REGULAR,rebound,defensive,[],1642869,,,1610612753,89,124,2026-03-09T02:11:13Z,5930000,False,,,0,,N. Penda REBOUND (Off:1 Def:5),[1642869],1610612753.0,ORL,,,,Penda,N. Penda,,,,,Left Corner 3,24+ Left,,,,,,,,,,,,604.0,6.0,5.0,1.0,,,,,
606,PT03M06.00S,2026-03-09T02:11:19.7Z,4,REGULAR,2pt,DUNK,['pointsinthepaint'],1629048,5.601182654402102,50.98039215686274,1610612753,89,126,2026-03-09T02:11:25Z,5940000,False,-5.0,0.0,1,left,G. Bitadze DUNK (7 PTS) (N. Penda 4 AST),"[1629048, 1642869]",1610612753.0,ORL,,,,Bitadze,G. Bitadze,,,,,Restricted Area,0-8 Center,,,,,,Made,7.0,,,,0.49,,,,,N. Penda,1642869.0,4.0,,
608,PT03M06.00S,2026-03-09T02:11:24.6Z,4,REGULAR,foul,personal,"['inpenalty', '1freethrow']",1629018,,,1610612753,89,126,2026-03-09T02:11:34Z,5960000,False,,,0,,G. Trent Jr. shooting personal FOUL (3 PF) (Bitadze 1 FT),"[1629018, 1629048]",1610612749.0,MIL,shooting,,,Trent Jr.,G. Trent Jr.,,,,,Restricted Area,0-8 Center,2004.0,3.0,0.0,Bitadze,1629048.0,,,,,,,,,,,,,,,
610,PT03M06.00S,2026-03-09T02:11:43.4Z,4,REGULAR,freethrow,1 of 1,[],1629048,,,1610612753,89,126,2026-03-09T02:11:46Z,5980000,False,,,0,,MISS G. Bitadze Free Throw 1 of 1,[1629048],1610612753.0,ORL,,,,Bitadze,G. Bitadze,,,,,,,,,,,,Missed,,,,,,,,,,,,,,
611,PT03M03.00S,2026-03-09T02:11:46.4Z,4,REGULAR,rebound,defensive,[],203648,,,1610612749,89,126,2026-03-09T02:11:46Z,5990000,False,,,0,,T. Antetokounmpo REBOUND (Off:0 Def:1),[203648],1610612749.0,MIL,,,,Antetokounmpo,T. Antetokounmpo,,,,,,,,,,,,,,,,,,610.0,1.0,1.0,0.0,,,,,
612,PT02M57.00S,2026-03-09T02:11:51.0Z,4,REGULAR,2pt,DUNK,['pointsinthepaint'],203648,91.40932982917214,50.73529411764706,1610612749,91,126,2026-03-09T02:11:57Z,6000000,False,4.0,28.0,1,right,T. Antetokounmpo driving DUNK (4 PTS),[203648],1610612749.0,MIL,driving,,,Antetokounmpo,T. Antetokounmpo,,,,,Restricted Area,0-8 Center,,,,,,Made,4.0,,,,2.85,,,,,,,,,
613,PT02M43.00S,2026-03-09T02:12:04.2Z,4,REGULAR,2pt,DUNK,['pointsinthepaint'],1631288,7.178055190538765,52.20588235294118,1610612753,91,128,2026-03-09T02:12:09Z,6010000,False,-11.0,15.0,1,left,J. Cain cutting DUNK (8 PTS) (G. Bitadze 2 AST),"[1631288, 1629048]",1610612753.0,ORL,cutting,,,Cain,J. Cain,,,,,Restricted Area,0-8 Center,,,,,,Made,8.0,,,,1.86,,,,,G. Bitadze,1629048.0,2.0,,
615,PT02M29.00S,2026-03-09T02:12:19.5Z,4,REGULAR,3pt,Jump Shot,[],1629018,64.73390275952694,45.09803921568628,1610612749,91,128,2026-03-09T02:12:24Z,6030000,False,-25.0,279.0,1,right,MISS G. Trent Jr. 28' 3PT,[1629018],1610612749.0,MIL,,,,Trent Jr.,G. Trent Jr.,,,,,Above the Break 3,24+ Center,,,,,,Missed,,,,,28.01,,,,,,,,,
616,PT02M28.00S,2026-03-09T02:12:20.5Z,4,REGULAR,rebound,defensive,['team'],0,,,1610612753,91,128,2026-03-09T02:12:24Z,6040000,False,,,0,,TEAM defensive REBOUND,[],1610612753.0,ORL,,,,,,,,,,Above the Break 3,24+ Center,,,,,,,,,,,,615.0,,,,,,,,
617,PT02M28.00S,2026-03-09T02:12:28.1Z,4,REGULAR,timeout,full,"['team', 'mandatory']",0,,,1610612753,91,128,2026-03-09T02:12:28Z,6050000,False,,,0,,ORL Timeout,[],1610612753.0,ORL,,,,,,,,,,,,,,,,,,,,,,,,,,,,,,,
618,PT02M11.00S,2026-03-09T02:15:36.7Z,4,REGULAR,turnover,bad pass,[],1629048,,,1610612753,91,128,2026-03-09T02:15:43Z,6060000,False,,,0,,G. Bitadze bad pass TURNOVER (1 TO),"[1629048, 1631250]",1610612753.0,ORL,,,,Bitadze,G. Bitadze,,,,,Mid-Range,16-24 Center,,,,,,,,1.0,Nance,1631250.0,,,,,,,,,,
619,PT02M11.00S,2026-03-09T02:15:36.7Z,4,REGULAR,steal,,[],1631250,,,1610612749,91,128,2026-03-09T02:15:39Z,6070000,False,,,0,,P. Nance STEAL (1 STL),[1631250],1610612749.0,MIL,,,,Nance,P. Nance,,,,,Mid-Range,16-24 Center,,,,,,,,,,,,,,,,,,,,
620,PT02M08.00S,2026-03-09T02:15:41.4Z,4,REGULAR,turnover,out-of-bounds,[],1641748,,,1610612749,91,128,2026-03-09T02:15:50Z,6080000,False,,,0,,A. Jackson Jr. bad pass out-of-bounds TURNOVER (1 TO),[1641748],1610612749.0,MIL,bad pass,,,Jackson Jr.,A. Jackson Jr.,,,,,Restricted Area,0-8 Center,2004.0,,,,,,,1.0,,,,,,,,,,,,
621,PT01M57.00S,2026-03-09T02:15:58.3Z,4,REGULAR,2pt,Jump Shot,"['pointsinthepaint', 'fromturnover']",1641724,8.623521681997373,41.66666666666667,1610612753,91,128,2026-03-09T02:16:03Z,6090000,False,42.0,29.0,1,left,MISS J. Howard driving floating bank Shot,[1641724],1610612753.0,ORL,driving floating bank,,,Howard,J. Howard,,,,,In The Paint (Non-RA),0-8 Center,,,,,,Missed,,,,,5.06,,,,,,,,,
622,PT01M53.00S,2026-03-09T02:16:02.3Z,4,REGULAR,rebound,defensive,[],1631250,,,1610612749,91,128,2026-03-09T02:16:03Z,6100000,False,,,0,,P. Nance REBOUND (Off:1 Def:2),[1631250],1610612749.0,MIL,,,,Nance,P. Nance,,,,,In The Paint (Non-RA),0-8 Center,,,,,,,,,,,,621.0,3.0,2.0,1.0,,,,,
623,PT01M46.00S,2026-03-09T02:16:09.5Z,4,REGULAR,3pt,Jump Shot,[],1631250,70.90998685939553,77.45098039215686,1610612749,91,128,2026-03-09T02:16:14Z,6110000,False,137.0,221.0,1,right,MISS P. Nance 26' 3PT,[1631250],1610612749.0,MIL,,,,Nance,P. Nance,,,,,Above the Break 3,24+ Right Center,,,,,,Missed,,,,,26.01,,,,,,,,,
624,PT01M43.00S,2026-03-09T02:16:12.5Z,4,REGULAR,rebound,defensive,[],1641724,,,1610612753,91,128,2026-03-09T02:16:14Z,6120000,False,,,0,,J. Howard REBOUND (Off:0 Def:2),[1641724],1610612753.0,ORL,,,,Howard,J. Howard,,,,,Above the Break 3,24+ Right Center,,,,,,,,,,,,623.0,2.0,2.0,0.0,,,,,
625,PT01M36.00S,2026-03-09T02:16:22.2Z,4,REGULAR,foul,personal,"['inpenalty', '2freethrow']",1631260,,,1610612753,91,128,2026-03-09T02:16:34Z,6130000,False,,,0,,A. Green shooting personal FOUL (3 PF) (Bitadze 2 FT),"[1631260, 1629048]",1610612749.0,MIL,shooting,,,Green,A. Green,,,,,Restricted Area,0-8 Center,1628951.0,3.0,0.0,Bitadze,1629048.0,,,,,,,,,,,,,,,
627,PT01M36.00S,2026-03-09T02:16:45.9Z,4,REGULAR,freethrow,1 of 2,[],1629048,,,1610612753,91,128,2026-03-09T02:16:45Z,6150000,False,,,0,,MISS G. Bitadze Free Throw 1 of 2,[1629048],1610612753.0,ORL,,,,Bitadze,G. Bitadze,,,,,,,,,,,,Missed,,,,,,,,,,,,,,
628,PT01M36.00S,2026-03-09T02:16:45.9Z,4,REGULAR,rebound,offensive,"['deadball', 'team']",0,,,1610612753,91,128,2026-03-09T02:16:45Z,6160000,False,,,0,,TEAM offensive REBOUND,[],1610612753.0,ORL,,,,,,,,,,,,,,,,,,,,,,,627.0,,,,,,,,
629,PT01M36.00S,2026-03-09T02:16:45.9Z,4,REGULAR,freethrow,2 of 2,[],1629048,,,1610612753,91,128,2026-03-09T02:16:57Z,6170000,False,,,0,,MISS G. Bitadze Free Throw 2 of 2,[1629048],1610612753.0,ORL,,,,Bitadze,G. Bitadze,,,,,,,,,,,,Missed,,,,,,,,,,,,,,
630,PT01M33.00S,2026-03-09T02:16:48.9Z,4,REGULAR,rebound,defensive,[],203648,,,1610612749,91,128,2026-03-09T02:16:57Z,6180000,False,,,0,,T. Antetokounmpo REBOUND (Off:0 Def:2),[203648],1610612749.0,MIL,,,,Antetokounmpo,T. Antetokounmpo,,,,,,,,,,,,,,,,,,629.0,2.0,2.0,0.0,,,,,
631,PT01M19.00S,2026-03-09T02:17:10.2Z,4,REGULAR,3pt,Jump Shot,[],1631260,70.64717477003943,18.137254901960784,1610612749,91,128,2026-03-09T02:17:16Z,6190000,False,-159.0,223.0,1,right,MISS A. Green 27' 3PT,[1631260],1610612749.0,MIL,,,,Green,A. Green,,,,,Above the Break 3,24+ Left Center,,,,,,Missed,,,,,27.44,,,,,,,,,
632,PT01M16.00S,2026-03-09T02:17:13.8Z,4,REGULAR,rebound,offensive,[],203648,,,1610612749,91,128,2026-03-09T02:17:13Z,6200000,False,,,0,,T. Antetokounmpo REBOUND (Off:1 Def:2),[203648],1610612749.0,MIL,,,,Antetokounmpo,T. Antetokounmpo,,,,,Above the Break 3,24+ Left Center,,,,,,,,,,,,631.0,3.0,2.0,1.0,,,,,
633,PT01M11.00S,2026-03-09T02:17:22.0Z,4,REGULAR,foul,personal,['2freethrow'],1642869,,,1610612749,91,128,2026-03-09T02:17:32Z,6210000,False,,,0,,N. Penda shooting personal FOUL (2 PF) (Antetokounmpo 2 FT),"[1642869, 203648]",1610612753.0,ORL,shooting,,,Penda,N. Penda,,,,,Restricted Area,0-8 Center,1628951.0,2.0,0.0,Antetokounmpo,203648.0,,,,,,,,,,,,,,,
635,PT01M11.00S,2026-03-09T02:17:53.4Z,4,REGULAR,freethrow,1 of 2,['2ndchance'],203648,,,1610612749,91,128,2026-03-09T02:17:53Z,6230000,False,,,0,,MISS T. Antetokounmpo Free Throw 1 of 2,[203648],1610612749.0,MIL,,,,Antetokounmpo,T. Antetokounmpo,,,,,,,,,,,,Missed,,,,,,,,,,,,,,
636,PT01M11.00S,2026-03-09T02:17:53.4Z,4,REGULAR,rebound,offensive,"['deadball', 'team']",0,,,1610612749,91,128,2026-03-09T02:17:53Z,6240000,False,,,0,,TEAM offensive REBOUND,[],1610612749.0,MIL,,,,,,,,,,,,,,,,,,,,,,,635.0,,,,,,,,
637,PT01M11.00S,2026-03-09T02:17:53.4Z,4,REGULAR,freethrow,2 of 2,['2ndchance'],203648,,,1610612749,91,128,2026-03-09T02:18:10Z,6250000,False,,,0,,MISS T. Antetokounmpo Free Throw 2 of 2,[203648],1610612749.0,MIL,,,,Antetokounmpo,T. Antetokounmpo,,,,,,,,,,,,Missed,,,,,,,,,,,,,,
638,PT01M07.00S,2026-03-09T02:17:57.4Z,4,REGULAR,rebound,defensive,[],1642869,,,1610612753,91,128,2026-03-09T02:18:10Z,6260000,False,,,0,,N. Penda REBOUND (Off:1 Def:6),[1642869],1610612753.0,ORL,,,,Penda,N. Penda,,,,,,,,,,,,,,,,,,637.0,7.0,6.0,1.0,,,,,
639,PT01M00.00S,2026-03-09T02:18:17.2Z,4,REGULAR,turnover,lost ball,[],1641724,,,1610612753,91,128,2026-03-09T02:18:22Z,6270000,False,,,0,,J. Howard lost ball TURNOVER (1 TO),"[1641724, 203648]",1610612753.0,ORL,,,,Howard,J. Howard,,,,,In The Paint (Non-RA),8-16 Center,,,,,,,,1.0,Antetokounmpo,203648.0,,,,,,,,,,
640,PT01M00.00S,2026-03-09T02:18:17.2Z,4,REGULAR,steal,,[],203648,,,1610612749,91,128,2026-03-09T02:19:06Z,6280000,False,,,0,,T. Antetokounmpo STEAL (1 STL),[203648],1610612749.0,MIL,,,,Antetokounmpo,T. Antetokounmpo,,,,,In The Paint (Non-RA),8-16 Center,,,,,,,,,,,,,,,,,,,,
659,PT00M57.30S,2026-03-09T02:18:24.4Z,4,REGULAR,turnover,out-of-bounds,[],203648,,,1610612749,91,128,2026-03-09T02:24:51Z,6300000,False,,,0,,T. Antetokounmpo lost ball out-of-bounds TURNOVER (1 TO),[203648],1610612749.0,MIL,lost ball,,,Antetokounmpo,T. Antetokounmpo,,,,,In The Paint (Non-RA),8-16 Center,,,,,,,,1.0,,,,,,,,,,,,
645,PT00M46.60S,2026-03-09T02:18:47.1Z,4,REGULAR,foul,personal,"['inpenalty', '2freethrow']",1631250,,,1610612753,91,128,2026-03-09T02:24:51Z,6330000,False,,,0,,P. Nance personal FOUL (4 PF) (Howard 2 FT),"[1631250, 1641724]",1610612749.0,MIL,,,,Nance,P. Nance,,,,,Above the Break 3,24+ Center,2004.0,4.0,1.0,Howard,1641724.0,,,,,,,,,,,,,,,
647,PT00M46.60S,2026-03-09T02:19:16.2Z,4,REGULAR,freethrow,1 of 2,['fromturnover'],1641724,,,1610612753,91,129,2026-03-09T02:24:51Z,6350000,False,,,0,,J. Howard Free Throw 1 of 2 (13 PTS),[1641724],1610612753.0,ORL,,,,Howard,J. Howard,,,,,,,,,,,,Made,13.0,,,,,,,,,,,,,
648,PT00M46.60S,2026-03-09T02:19:27.3Z,4,REGULAR,freethrow,2 of 2,['fromturnover'],1641724,,,1610612753,91,130,2026-03-09T02:24:51Z,6360000,False,,,0,,J. Howard Free Throw 2 of 2 (14 PTS),[1641724],1610612753.0,ORL,,,,Howard,J. Howard,,,,,,,,,,,,Made,14.0,,,,,,,,,,,,,
649,PT00M36.20S,2026-03-09T02:19:39.4Z,4,REGULAR,3pt,Jump Shot,[],1631260,63.487598554533506,59.70435049019608,1610612749,91,130,2026-03-09T02:19:48Z,6370000,False,49.0,291.0,1,right,MISS A. Green 29' 3PT,[1631260],1610612749.0,MIL,,,,Green,A. Green,,,,,Above the Break 3,24+ Center,,,,,,Missed,,,,,29.47,,,,,,,,,
650,PT00M33.00S,2026-03-09T02:19:42.6Z,4,REGULAR,rebound,offensive,[],1641748,,,1610612749,91,130,2026-03-09T02:19:48Z,6380000,False,,,0,,A. Jackson Jr. REBOUND (Off:1 Def:2),[1641748],1610612749.0,MIL,,,,Jackson Jr.,A. Jackson Jr.,,,,,Above the Break 3,24+ Center,,,,,,,,,,,,649.0,3.0,2.0,1.0,,,,,
651,PT00M27.80S,2026-03-09T02:19:47.8Z,4,REGULAR,3pt,Jump Shot,['2ndchance'],1631260,92.32917214191852,3.431372549019608,1610612749,91,130,2026-03-09T02:19:54Z,6390000,False,-233.0,20.0,1,right,MISS A. Green 3PT,[1631260],1610612749.0,MIL,,,,Green,A. Green,,,,,Left Corner 3,24+ Left,,,,,,Missed,,,,,23.36,,,,,,,,,
652,PT00M25.00S,2026-03-09T02:19:50.6Z,4,REGULAR,rebound,defensive,[],1629048,,,1610612753,91,130,2026-03-09T02:20:15Z,6400000,False,,,0,,G. Bitadze REBOUND (Off:2 Def:3),[1629048],1610612753.0,ORL,,,,Bitadze,G. Bitadze,,,,,Left Corner 3,24+ Left,,,,,,,,,,,,651.0,5.0,3.0,2.0,,,,,
654,PT00M03.90S,2026-03-09T02:21:39.1Z,4,REGULAR,turnover,lost ball,[],1641724,,,1610612753,91,130,2026-03-09T02:22:02Z,6420000,False,,,0,,J. Howard lost ball TURNOVER (2 TO),"[1641724, 1631250]",1610612753.0,ORL,,,,Howard,J. Howard,,,,,Mid-Range,8-16 Right,,,,,,,,2.0,Nance,1631250.0,,,,,,,,,,
655,PT00M03.90S,2026-03-09T02:21:39.1Z,4,REGULAR,steal,,[],1631250,,,1610612749,91,130,2026-03-09T02:21:44Z,6430000,False,,,0,,P. Nance STEAL (2 STL),[1631250],1610612749.0,MIL,,,,Nance,P. Nance,,,,,Mid-Range,8-16 Right,,,,,,,,,,,,,,,,,,,,
656,PT00M00.00S,2026-03-09T02:21:55.5Z,4,REGULAR,period,end,[],0,,,1610612749,91,130,2026-03-09T02:21:55Z,6440000,False,,,0,,Period End,[],,,,,,,,,,,,,,,,,,,,,,,,,,,,,,,,,
657,PT00M00.00S,2026-03-09T02:21:58.2Z,4,REGULAR,game,end,[],0,,,0,91,130,2026-03-09T02:21:58Z,6450000,False,,,0,,Game End,[],,,,,,,,,,,,,,,,,,,,,,,,,,,,,,,,,
