actionNumber,clock,timeActual,period,periodType,actionType,subType,qualifiers,personId,x,y,possession,scoreHome,scoreAway,edited,orderNumber,isTargetScoreLastPeriod,xLegacy,yLegacy,isFieldGoal,side,description,personIdsFilter,teamId,teamTricode,descriptor,jumpBallRecoveredName,jumpBallWonPlayerName,jumpBallWonPersonId,jumpBallLostPlayerName,jumpBallLostPersonId,area,areaDetail,officialId,foulPersonalTotal,foulTechnicalTotal,playerName,playerNameI,foulDrawnPlayerName,foulDrawnPersonId,shotResult,pointsTotal,shotDistance,shotActionNumber,reboundTotal,reboundDefensiveTotal,reboundOffensiveTotal,assistPlayerNameInitial,assistPersonId,assistTotal,blockPlayerName,blockPersonId,turnoverTotal,stealPlayerName,stealPersonId,jumpBallRecoverdPersonId
2,PT12M00.00S,2025-03-16T17:10:58.5Z,1,REGULAR,period,start,[],0,,,0,0,0,2025-03-16T17:10:58Z,20000,False,,,0,,Period Start,[],,,,,,,,,,,,,,,,,,,,,,,,,,,,,,,,,
4,PT12M00.00S,2025-03-16T17:11:05.6Z,1,REGULAR,jumpball,recovered,[],0,,,1610612742,0,0,2025-03-16T17:11:05Z,40000,False,,,0,,Jump Ball K. Edwards vs. G. Yabusele: Tip to Team (DAL),"[1630556, 1627824]",1610612742.0,DAL,startperiod,Team (DAL),Edwards,1630556.0,Yabusele,1627824.0,,,,,,,,,,,,,,,,,,,,,,,,,
8,PT11M47.00S,2025-03-16T17:11:23.1Z,1,REGULAR,foul,personal,['2freethrow'],1629656,,,1610612742,0,0,2025-03-16T17:11:30Z,80000,False,,,0,,Q. Grimes shooting personal FOUL (1 PF) (Washington 2 FT),"[1629656, 1629023]",1610612755.0,PHI,shooting,,,,,,Restricted Area,0-8 Center,202056.0,1.0,0.0,Grimes,Q. Grimes,Washington,1629023.0,,,,,,,,,,,,,,,,
10,PT11M47.00S,2025-03-16T17:11:47.0Z,1,REGULAR,freethrow,1 of 2,[],1629023,,,1610612742,1,0,2025-03-16T17:11:47Z,100000,False,,,0,,P. Washington Free Throw 1 of 2 (1 PTS),[1629023],1610612742.0,DAL,,,,,,,,,,,,Washington,P. Washington,,,Made,1.0,,,,,,,,,,,,,,
11,PT11M47.00S,2025-03-16T17:12:04.2Z,1,REGULAR,freethrow,2 of 2,[],1629023,,,1610612742,2,0,2025-03-16T17:12:04Z,110000,False,,,0,,P. Washington Free Throw 2 of 2 (2 PTS),[1629023],1610612742.0,DAL,,,,,,,,,,,,Washington,P. Washington,,,Made,2.0,,,,,,,,,,,,,,
12,PT11M28.00S,2025-03-16T17:12:25.8Z,1,REGULAR,2pt,Layup,['pointsinthepaint'],1629656,7.835085413929041,44.85294117647059,1610612755,2,2,2025-03-16T17:12:29Z,120000,False,26.0,21.0,1,left,Q. Grimes driving finger roll Layup (2 PTS),[1629656],1610612755.0,PHI,driving finger roll,,,,,,Restricted Area,0-8 Center,,,,Grimes,Q. Grimes,,,Made,2.0,3.33,,,,,,,,,,,,,
13,PT11M14.00S,2025-03-16T17:12:40.1Z,1,REGULAR,3pt,Jump Shot,[],1630230,91.32720105124835,97.08180147058823,1610612742,2,2,2025-03-16T17:12:48Z,130000,False,235.0,29.0,1,right,MISS N. Marshall 3PT,[1630230],1610612742.0,DAL,,,,,,,Right Corner 3,24+ Right,,,,Marshall,N. Marshall,,,Missed,,23.72,,,,,,,,,,,,,
14,PT11M10.00S,2025-03-16T17:12:44.1Z,1,REGULAR,rebound,defensive,[],1627824,,,1610612755,2,2,2025-03-16T17:12:48Z,140000,False,,,0,,G. Yabusele REBOUND (Off:0 Def:1),[1627824],1610612755.0,PHI,,,,,,,Right Corner 3,24+ Right,,,,Yabusele,G. Yabusele,,,,,,13.0,1.0,1.0,0.0,,,,,,,,,
15,PT11M00.00S,2025-03-16T17:12:54.1Z,1,REGULAR,2pt,Jump Shot,[],1642348,19.92444152431012,27.205882352941174,1610612755,2,4,2025-03-16T17:12:57Z,150000,False,114.0,135.0,1,left,J. Edwards 17' pullup Jump Shot (2 PTS) (J. Butler 1 AST),"[1642348, 1630215]",1610612755.0,PHI,pullup,,,,,,Mid-Range,16-24 Right Center,,,,Edwards,J. Edwards,,,Made,2.0,17.65,,,,,J. Butler,1630215.0,1.0,,,,,,
17,PT10M41.00S,2025-03-16T17:13:12.7Z,1,REGULAR,foul,personal,['2freethrow'],1642348,,,1610612742,2,4,2025-03-16T17:13:23Z,170000,False,,,0,,J. Edwards shooting personal FOUL (1 PF) (Washington 2 FT),"[1642348, 1629023]",1610612755.0,PHI,shooting,,,,,,Restricted Area,0-8 Center,2530.0,1.0,0.0,Edwards,J. Edwards,Washington,1629023.0,,,,,,,,,,,,,,,,
19,PT10M41.00S,2025-03-16T17:13:41.6Z,1,REGULAR,freethrow,1 of 2,[],1629023,,,1610612742,3,4,2025-03-16T17:13:41Z,190000,False,,,0,,P. Washington Free Throw 1 of 2 (3 PTS),[1629023],1610612742.0,DAL,,,,,,,,,,,,Washington,P. Washington,,,Made,3.0,,,,,,,,,,,,,,
20,PT10M41.00S,2025-03-16T17:13:57.6Z,1,REGULAR,freethrow,2 of 2,[],1629023,,,1610612742,4,4,2025-03-16T17:13:57Z,200000,False,,,0,,P. Washington Free Throw 2 of 2 (4 PTS),[1629023],1610612742.0,DAL,,,,,,,,,,,,Washington,P. Washington,,,Made,4.0,,,,,,,,,,,,,,
21,PT10M21.00S,2025-03-16T17:14:22.0Z,1,REGULAR,3pt,Jump Shot,[],1627824,11.251642575558476,3.9215686274509802,1610612755,4,4,2025-03-16T17:14:27Z,210000,False,230.0,53.0,1,left,MISS G. Yabusele 3PT,[1627824],1610612755.0,PHI,,,,,,,Right Corner 3,24+ Right,,,,Yabusele,G. Yabusele,,,Missed,,23.65,,,,,,,,,,,,,
22,PT10M17.00S,2025-03-16T17:14:26.0Z,1,REGULAR,rebound,defensive,[],1630556,,,1610612742,4,4,2025-03-16T17:14:27Z,220000,False,,,0,,K. Edwards REBOUND (Off:0 Def:1),[1630556],1610612742.0,DAL,,,,,,,Right Corner 3,24+ Right,,,,Edwards,K. Edwards,,,,,,21.0,1.0,1.0,0.0,,,,,,,,,
23,PT10M11.00S,2025-03-16T17:14:32.1Z,1,REGULAR,2pt,Jump Shot,['fastbreak'],1629023,69.50969119579501,46.85968137254902,1610612742,6,4,2025-03-16T17:15:00Z,230000,False,-16.0,234.0,1,right,P. Washington 23' running pullup Jump Shot (6 PTS),[1629023],1610612742.0,DAL,running pullup,,,,,,Mid-Range,16-24 Center,,,,Washington,P. Washington,,,Made,6.0,23.46,,,,,,,,,,,,,
24,PT09M55.00S,2025-03-16T17:14:46.6Z,1,REGULAR,2pt,Jump Shot,['pointsinthepaint'],1641741,13.87976346911958,47.30392156862745,1610612755,6,6,2025-03-16T17:14:51Z,240000,False,13.0,78.0,1,left,R. Council IV 7' turnaround Jump Shot (2 PTS),[1641741],1610612755.0,PHI,turnaround,,,,,,In The Paint (Non-RA),0-8 Center,,,,Council IV,R. Council IV,,,Made,2.0,7.92,,,,,,,,,,,,,
25,PT09M36.00S,2025-03-16T17:15:06.2Z,1,REGULAR,3pt,Jump Shot,[],202691,75.90341655716163,12.990196078431374,1610612742,6,6,2025-03-16T17:15:10Z,250000,False,-185.0,174.0,1,right,MISS K. Thompson 25' 3PT,[202691],1610612742.0,DAL,,,,,,,Above the Break 3,24+ Left Center,,,,Thompson,K. Thompson,,,Missed,,25.4,,,,,,,,,,,,,
26,PT09M34.00S,2025-03-16T17:15:08.2Z,1,REGULAR,rebound,defensive,[],1641741,,,1610612755,6,6,2025-03-16T17:15:30Z,260000,False,,,0,,R. Council IV REBOUND (Off:0 Def:1),[1641741],1610612755.0,PHI,,,,,,,Above the Break 3,24+ Left Center,,,,Council IV,R. Council IV,,,,,,25.0,1.0,1.0,0.0,,,,,,,,,
27,PT09M28.00S,2025-03-16T17:15:16.6Z,1,REGULAR,foul,personal,[],202691,,,1610612755,6,6,2025-03-16T17:15:44Z,270000,False,,,0,,K. Thompson personal FOUL (1 PF),"[202691, 1627824]",1610612742.0,DAL,,,,,,,In The Paint (Non-RA),0-8 Center,2530.0,1.0,0.0,Thompson,K. Thompson,Yabusele,1627824.0,,,,,,,,,,,,,,,,
29,PT09M19.00S,2025-03-16T17:15:42.0Z,1,REGULAR,2pt,Jump Shot,[],1629656,15.850854139290407,76.9607843137255,1610612755,6,8,2025-03-16T17:15:49Z,290000,False,-135.0,96.0,1,left,Q. Grimes 16' pullup Jump Shot (4 PTS),[1629656],1610612755.0,PHI,pullup,,,,,,Mid-Range,16-24 Left,,,,Grimes,Q. Grimes,,,Made,4.0,16.58,,,,,,,,,,,,,
30,PT09M01.00S,2025-03-16T17:15:59.0Z,1,REGULAR,2pt,Jump Shot,['pointsinthepaint'],202691,81.42247043363994,63.970588235294116,1610612742,6,8,2025-03-16T17:16:18Z,300000,False,70.0,122.0,1,right,MISS K. Thompson 14' step back Shot - blocked,"[202691, 1641741]",1610612742.0,DAL,step back,,,,,,In The Paint (Non-RA),8-16 Center,,,,Thompson,K. Thompson,,,Missed,,14.07,,,,,,,,Council IV,1641741.0,,,,
31,PT09M01.00S,2025-03-16T17:15:59.0Z,1,REGULAR,block,,[],1641741,,,1610612742,6,8,2025-03-16T17:16:00Z,310000,False,,,0,,R. Council IV BLOCK (1 BLK),[1641741],1610612755.0,PHI,,,,,,,In The Paint (Non-RA),8-16 Center,,,,Council IV,R. Council IV,,,,,,,,,,,,,,,,,,
32,PT09M00.00S,2025-03-16T17:16:00.0Z,1,REGULAR,rebound,defensive,[],1641741,,,1610612755,6,8,2025-03-16T17:16:03Z,320000,False,,,0,,R. Council IV REBOUND (Off:0 Def:2),[1641741],1610612755.0,PHI,,,,,,,In The Paint (Non-RA),8-16 Center,,,,Council IV,R. Council IV,,,,,,30.0,2.0,2.0,0.0,,,,,,,,,
33,PT08M55.00S,2025-03-16T17:16:05.6Z,1,REGULAR,3pt,Jump Shot,[],1627824,31.35676741130092,32.1078431372549,1610612755,6,11,2025-03-16T17:20:25Z,330000,False,89.0,242.0,1,left,G. Yabusele 25' 3PT  (3 PTS) (J. Butler 2 AST),"[1627824, 1630215]",1610612755.0,PHI,,,,,,,Above the Break 3,24+ Right Center,,,,Yabusele,G. Yabusele,,,Made,3.0,25.83,,,,,J. Butler,1630215.0,2.0,,,,,,
35,PT08M40.00S,2025-03-16T17:16:20.5Z,1,REGULAR,3pt,Jump Shot,[],1629023,67.62483574244416,41.42156862745098,1610612742,6,11,2025-03-16T17:16:24Z,350000,False,-43.0,252.0,1,right,MISS P. Washington 25' 3PT,[1629023],1610612742.0,DAL,,,,,,,Above the Break 3,24+ Center,,,,Washington,P. Washington,,,Missed,,25.54,,,,,,,,,,,,,
36,PT08M38.00S,2025-03-16T17:16:22.5Z,1,REGULAR,rebound,defensive,[],1641741,,,1610612755,6,11,2025-03-16T17:16:24Z,360000,False,,,0,,R. Council IV REBOUND (Off:0 Def:3),[1641741],1610612755.0,PHI,,,,,,,Above the Break 3,24+ Center,,,,Council IV,R. Council IV,,,,,,35.0,3.0,3.0,0.0,,,,,,,,,
37,PT08M28.00S,2025-03-16T17:16:32.8Z,1,REGULAR,3pt,Jump Shot,[],1642348,15.982260183968464,94.85294117647058,1610612755,6,11,2025-03-16T17:16:36Z,370000,False,-224.0,98.0,1,left,MISS J. Edwards 24' 3PT,[1642348],1610612755.0,PHI,,,,,,,Above the Break 3,24+ Left Center,,,,Edwards,J. Edwards,,,Missed,,24.47,,,,,,,,,,,,,
38,PT08M25.00S,2025-03-16T17:16:35.8Z,1,REGULAR,rebound,defensive,[],1629023,,,1610612742,6,11,2025-03-16T17:16:36Z,380000,False,,,0,,P. Washington REBOUND (Off:0 Def:1),[1629023],1610612742.0,DAL,,,,,,,Above the Break 3,24+ Left Center,,,,Washington,P. Washington,,,,,,37.0,1.0,1.0,0.0,,,,,,,,,
39,PT08M16.00S,2025-03-16T17:16:44.3Z,1,REGULAR,3pt,Jump Shot,[],1630314,87.91064388961892,4.189644607843137,1610612742,6,11,2025-03-16T17:17:56Z,390000,False,-229.0,61.0,1,right,MISS B. Williams pullup 3PT,[1630314],1610612742.0,DAL,pullup,,,,,,Left Corner 3,24+ Left,,,,Williams,B. Williams,,,Missed,,23.71,,,,,,,,,,,,,
40,PT08M13.00S,2025-03-16T17:16:47.3Z,1,REGULAR,rebound,defensive,[],1642348,,,1610612755,6,11,2025-03-16T17:16:51Z,400000,False,,,0,,J. Edwards REBOUND (Off:0 Def:1),[1642348],1610612755.0,PHI,,,,,,,Left Corner 3,24+ Left,,,,Edwards,J. Edwards,,,,,,39.0,1.0,1.0,0.0,,,,,,,,,
41,PT08M07.00S,2025-03-16T17:16:54.2Z,1,REGULAR,3pt,Jump Shot,['fastbreak'],1629656,22.28975032851511,91.91176470588235,1610612755,6,11,2025-03-16T17:18:29Z,410000,False,-210.0,157.0,1,left,MISS Q. Grimes 26' running pullup 3PT,[1629656],1610612755.0,PHI,running pullup,,,,,,Above the Break 3,24+ Left Center,,,,Grimes,Q. Grimes,,,Missed,,26.19,,,,,,,,,,,,,
42,PT08M03.00S,2025-03-16T17:16:58.2Z,1,REGULAR,rebound,defensive,[],1629023,,,1610612742,6,11,2025-03-16T17:16:58Z,420000,False,,,0,,P. Washington REBOUND (Off:0 Def:2),[1629023],1610612742.0,DAL,,,,,,,Above the Break 3,24+ Left Center,,,,Washington,P. Washington,,,,,,41.0,2.0,2.0,0.0,,,,,,,,,
43,PT07M58.00S,2025-03-16T17:17:01.9Z,1,REGULAR,2pt,Layup,"['fastbreak', 'pointsinthepaint']",202691,92.85479632063075,50.73529411764706,1610612742,8,11,2025-03-16T17:17:12Z,430000,False,4.0,15.0,1,right,K. Thompson running finger roll Layup (2 PTS),[202691],1610612742.0,DAL,running finger roll,,,,,,Restricted Area,0-8 Center,,,,Thompson,K. Thompson,,,Made,2.0,1.52,,,,,,,,,,,,,
44,PT07M41.00S,2025-03-16T17:17:19.1Z,1,REGULAR,2pt,DUNK,['pointsinthepaint'],1627824,8.623521681997373,49.01960784313725,1610612755,8,13,2025-03-16T17:17:25Z,440000,False,5.0,29.0,1,left,G. Yabusele cutting DUNK (5 PTS) (J. Butler 3 AST),"[1627824, 1630215]",1610612755.0,PHI,cutting,,,,,,Restricted Area,0-8 Center,,,,Yabusele,G. Yabusele,,,Made,5.0,2.9,,,,,J. Butler,1630215.0,3.0,,,,,,
46,PT07M25.00S,2025-03-16T17:17:34.8Z,1,REGULAR,2pt,Layup,['pointsinthepaint'],1630230,92.46057818659659,53.431372549019606,1610612742,10,13,2025-03-16T17:19:42Z,460000,False,17.0,18.0,1,right,N. Marshall driving finger roll Layup (2 PTS),[1630230],1610612742.0,DAL,driving finger roll,,,,,,Restricted Area,0-8 Center,,,,Marshall,N. Marshall,,,Made,2.0,2.52,,,,,,,,,,,,,
47,PT07M07.00S,2025-03-16T17:17:53.0Z,1,REGULAR,2pt,Jump Shot,[],1627824,11.514454664914586,19.11764705882353,1610612755,10,13,2025-03-16T17:17:58Z,470000,False,154.0,56.0,1,left,MISS G. Yabusele 16' Jump Shot,[1627824],1610612755.0,PHI,,,,,,,Mid-Range,16-24 Right,,,,Yabusele,G. Yabusele,,,Missed,,16.41,,,,,,,,,,,,,
48,PT07M05.00S,2025-03-16T17:17:55.0Z,1,REGULAR,rebound,defensive,[],1629023,,,1610612742,10,13,2025-03-16T17:17:58Z,480000,False,,,0,,P. Washington REBOUND (Off:0 Def:3),[1629023],1610612742.0,DAL,,,,,,,Mid-Range,16-24 Right,,,,Washington,P. Washington,,,,,,47.0,3.0,3.0,0.0,,,,,,,,,
49,PT06M59.00S,2025-03-16T17:18:01.2Z,1,REGULAR,2pt,DUNK,"['pointsinthepaint', 'fastbreak']",1629023,92.9862023653088,49.50980392156863,1610612742,12,13,2025-03-16T17:18:08Z,490000,False,-2.0,13.0,1,right,P. Washington running DUNK (8 PTS),[1629023],1610612742.0,DAL,running,,,,,,Restricted Area,0-8 Center,,,,Washington,P. Washington,,,Made,8.0,1.36,,,,,,,,,,,,,
50,PT06M50.00S,2025-03-16T17:18:10.4Z,1,REGULAR,turnover,lost ball,[],1629656,,,1610612755,12,13,2025-03-16T17:18:16Z,500000,False,,,0,,Q. Grimes lost ball TURNOVER (1 TO),"[1629656, 1629023]",1610612755.0,PHI,,,,,,,In The Paint (Non-RA),8-16 Center,,,,Grimes,Q. Grimes,,,,,,,,,,,,,,,1.0,Washington,1629023.0,
51,PT06M50.00S,2025-03-16T17:18:10.4Z,1,REGULAR,steal,,[],1629023,,,1610612742,12,13,2025-03-16T17:19:27Z,510000,False,,,0,,P. Washington STEAL (1 STL),[1629023],1610612742.0,DAL,,,,,,,In The Paint (Non-RA),8-16 Center,,,,Washington,P. Washington,,,,,,,,,,,,,,,,,,
52,PT06M47.00S,2025-03-16T17:18:14.2Z,1,REGULAR,2pt,DUNK,"['pointsinthepaint', 'fromturnover', 'fastbreak']",1629023,93.77463863337714,51.71568627450981,1610612742,14,13,2025-03-16T17:18:20Z,520000,False,9.0,6.0,1,right,P. Washington running DUNK (10 PTS) (B. Williams 1 AST),"[1629023, 1630314]",1610612742.0,DAL,running,,,,,,Restricted Area,0-8 Center,,,,Washington,P. Washington,,,Made,10.0,1.05,,,,,B. Williams,1630314.0,1.0,,,,,,
54,PT06M45.00S,2025-03-16T17:18:19.6Z,1,REGULAR,timeout,full,"['team', 'mandatory']",0,,,1610612755,14,13,2025-03-16T17:18:19Z,540000,False,,,0,,PHI Timeout,[],1610612755.0,PHI,,,,,,,,,,,,,,,,,,,,,,,,,,,,,,,
55,PT06M45.00S,2025-03-16T17:18:34.8Z,1,REGULAR,substitution,out,[],1630230,,,1610612755,14,13,2025-03-16T17:21:09Z,550000,False,,,0,,SUB out: N. Marshall,[1630230],1610612742.0,DAL,,,,,,,,,,,,Marshall,N. Marshall,,,,,,,,,,,,,,,,,,
56,PT06M45.00S,2025-03-16T17:18:34.8Z,1,REGULAR,substitution,out,[],1630556,,,1610612755,14,13,2025-03-16T17:21:09Z,560000,False,,,0,,SUB out: K. Edwards,[1630556],1610612742.0,DAL,,,,,,,,,,,,Edwards,K. Edwards,,,,,,,,,,,,,,,,,,
57,PT06M45.00S,2025-03-16T17:18:34.8Z,1,REGULAR,substitution,out,[],1641741,,,1610612755,14,13,2025-03-16T17:21:09Z,570000,False,,,0,,SUB out: R. Council IV,[1641741],1610612755.0,PHI,,,,,,,,,,,,Council IV,R. Council IV,,,,,,,,,,,,,,,,,,
58,PT06M45.00S,2025-03-16T17:18:34.8Z,1,REGULAR,substitution,out,[],1642348,,,1610612755,14,13,2025-03-16T17:21:09Z,580000,False,,,0,,SUB out: J. Edwards,[1642348],1610612755.0,PHI,,,,,,,,,,,,Edwards,J. Edwards,,,,,,,,,,,,,,,,,,
59,PT06M45.00S,2025-03-16T17:18:34.8Z,1,REGULAR,substitution,in,[],203915,,,1610612755,14,13,2025-03-16T17:21:09Z,590000,False,,,0,,SUB in: S. Dinwiddie,[203915],1610612742.0,DAL,,,,,,,,,,,,Dinwiddie,S. Dinwiddie,,,,,,,,,,,,,,,,,,
60,PT06M45.00S,2025-03-16T17:18:34.8Z,1,REGULAR,substitution,in,[],203939,,,1610612755,14,13,2025-03-16T17:21:09Z,600000,False,,,0,,SUB in: D. Powell,[203939],1610612742.0,DAL,,,,,,,,,,,,Powell,D. Powell,,,,,,,,,,,,,,,,,,
61,PT06M45.00S,2025-03-16T17:18:34.8Z,1,REGULAR,substitution,in,[],1641720,,,1610612755,14,13,2025-03-16T17:21:09Z,610000,False,,,0,,SUB in: J. Hood-Schifino,[1641720],1610612755.0,PHI,,,,,,,,,,,,Hood-Schifino,J. Hood-Schifino,,,,,,,,,,,,,,,,,,
62,PT06M45.00S,2025-03-16T17:18:34.8Z,1,REGULAR,substitution,in,[],1629052,,,1610612755,14,13,2025-03-16T17:21:09Z,620000,False,,,0,,SUB in: O. Brissett,[1629052],1610612755.0,PHI,,,,,,,,,,,,Brissett,O. Brissett,,,,,,,,,,,,,,,,,,
64,PT06M24.00S,2025-03-16T17:21:42.0Z,1,REGULAR,3pt,Jump Shot,[],1641720,29.6484888304862,75.24509803921569,1610612755,14,16,2025-03-16T17:22:10Z,640000,False,-126.0,226.0,1,left,J. Hood-Schifino 25' 3PT step back (3 PTS),[1641720],1610612755.0,PHI,step back,,,,,,Above the Break 3,24+ Left Center,,,,Hood-Schifino,J. Hood-Schifino,,,Made,3.0,25.9,,,,,,,,,,,,,
65,PT06M00.00S,2025-03-16T17:22:05.7Z,1,REGULAR,2pt,Layup,['pointsinthepaint'],1629023,92.85479632063075,44.85294117647059,1610612742,16,16,2025-03-16T17:22:24Z,650000,False,-26.0,15.0,1,right,P. Washington driving finger roll Layup (12 PTS),[1629023],1610612742.0,DAL,driving finger roll,,,,,,Restricted Area,0-8 Center,,,,Washington,P. Washington,,,Made,12.0,2.96,,,,,,,,,,,,,
66,PT05M39.00S,2025-03-16T17:22:25.6Z,1,REGULAR,2pt,Jump Shot,['pointsinthepaint'],1630215,8.229303547963205,58.82352941176471,1610612755,16,16,2025-03-16T17:22:43Z,660000,False,-44.0,25.0,1,left,MISS J. Butler driving floating Shot,[1630215],1610612755.0,PHI,driving floating,,,,,,In The Paint (Non-RA),0-8 Center,,,,Butler,J. Butler,,,Missed,,5.06,,,,,,,,,,,,,
67,PT05M36.00S,2025-03-16T17:22:28.6Z,1,REGULAR,rebound,offensive,[],1629052,,,1610612755,16,16,2025-03-16T17:22:30Z,670000,False,,,0,,O. Brissett REBOUND (Off:1 Def:0),[1629052],1610612755.0,PHI,,,,,,,In The Paint (Non-RA),0-8 Center,,,,Brissett,O. Brissett,,,,,,66.0,1.0,0.0,1.0,,,,,,,,,
68,PT05M36.00S,2025-03-16T17:22:29.4Z,1,REGULAR,2pt,Layup,"['pointsinthepaint', '2ndchance']",1629052,5.590000152587891,50.0,1610612755,16,18,2025-03-16T17:22:29Z,680000,False,0.0,0.0,1,left,O. Brissett putback Layup (2 PTS),[1629052],1610612755.0,PHI,putback,,,,,,Mid-Range,8-16 Left,,,,Brissett,O. Brissett,,,Made,2.0,0.0,,,,,,,,,,,,,
69,PT05M29.00S,2025-03-16T17:22:36.7Z,1,REGULAR,2pt,Layup,['pointsinthepaint'],1630314,91.93495400788436,54.65686274509803,1610612742,18,18,2025-03-16T17:22:42Z,690000,False,23.0,23.0,1,right,B. Williams driving finger roll Layup (2 PTS),[1630314],1610612742.0,DAL,driving finger roll,,,,,,Restricted Area,0-8 Center,,,,Williams,B. Williams,,,Made,2.0,3.3,,,,,,,,,,,,,
70,PT05M29.00S,2025-03-16T17:22:43.9Z,1,REGULAR,foul,personal,['1freethrow'],1630215,,,1610612742,18,18,2025-03-16T17:23:18Z,700000,False,,,0,,J. Butler shooting personal FOUL (1 PF) (Williams 1 FT),"[1630215, 1630314]",1610612755.0,PHI,shooting,,,,,,Restricted Area,0-8 Center,1155.0,1.0,0.0,Butler,J. Butler,Williams,1630314.0,,,,,,,,,,,,,,,,
72,PT05M29.00S,2025-03-16T17:22:50.0Z,1,REGULAR,substitution,out,[],202691,,,1610612742,18,18,2025-03-16T17:22:57Z,720000,False,,,0,,SUB out: K. Thompson,[202691],1610612742.0,DAL,,,,,,,,,,,,Thompson,K. Thompson,,,,,,,,,,,,,,,,,,
73,PT05M29.00S,2025-03-16T17:22:50.0Z,1,REGULAR,substitution,out,[],1630215,,,1610612742,18,18,2025-03-16T17:22:57Z,730000,False,,,0,,SUB out: J. Butler,[1630215],1610612755.0,PHI,,,,,,,,,,,,Butler,J. Butler,,,,,,,,,,,,,,,,,,
74,PT05M29.00S,2025-03-16T17:22:50.0Z,1,REGULAR,substitution,in,[],1631108,,,1610612742,18,18,2025-03-16T17:22:57Z,740000,False,,,0,,SUB in: M. Christie,[1631108],1610612742.0,DAL,,,,,,,,,,,,Christie,M. Christie,,,,,,,,,,,,,,,,,,
75,PT05M29.00S,2025-03-16T17:22:50.0Z,1,REGULAR,substitution,in,[],1630288,,,1610612742,18,18,2025-03-16T17:22:57Z,750000,False,,,0,,SUB in: J. Dowtin Jr.,[1630288],1610612755.0,PHI,,,,,,,,,,,,Dowtin Jr.,J. Dowtin Jr.,,,,,,,,,,,,,,,,,,
76,PT05M29.00S,2025-03-16T17:23:18.9Z,1,REGULAR,freethrow,1 of 1,[],1630314,,,1610612742,19,18,2025-03-16T17:23:18Z,760000,False,,,0,,B. Williams Free Throw 1 of 1 (3 PTS),[1630314],1610612742.0,DAL,,,,,,,,,,,,Williams,B. Williams,,,Made,3.0,,,,,,,,,,,,,,
77,PT05M07.00S,2025-03-16T17:23:40.7Z,1,REGULAR,3pt,Jump Shot,[],1641720,26.62614980289093,12.990196078431374,1610612755,19,18,2025-03-16T17:23:46Z,770000,False,185.0,198.0,1,left,MISS J. Hood-Schifino 27' turnaround bank 3PT,[1641720],1610612755.0,PHI,turnaround bank,,,,,,Above the Break 3,24+ Right Center,,,,Hood-Schifino,J. Hood-Schifino,,,Missed,,27.08,,,,,,,,,,,,,
78,PT05M05.00S,2025-03-16T17:23:42.7Z,1,REGULAR,rebound,defensive,[],203939,,,1610612742,19,18,2025-03-16T17:23:46Z,780000,False,,,0,,D. Powell REBOUND (Off:0 Def:1),[203939],1610612742.0,DAL,,,,,,,Above the Break 3,24+ Right Center,,,,Powell,D. Powell,,,,,,77.0,1.0,1.0,0.0,,,,,,,,,
79,PT05M01.00S,2025-03-16T17:23:47.1Z,1,REGULAR,2pt,Layup,"['fastbreak', 'pointsinthepaint']",1631108,91.80354796320631,53.92156862745098,1610612742,21,18,2025-03-16T17:24:07Z,790000,False,20.0,25.0,1,right,M. Christie running finger roll Layup (2 PTS) (D. Powell 1 AST),"[1631108, 203939]",1610612742.0,DAL,running finger roll,,,,,,Restricted Area,0-8 Center,,,,Christie,M. Christie,,,Made,2.0,3.14,,,,,D. Powell,203939.0,1.0,,,,,,
81,PT04M44.00S,2025-03-16T17:24:03.6Z,1,REGULAR,3pt,Jump Shot,[],1629052,27.020367936925098,16.911764705882355,1610612755,21,21,2025-03-16T17:24:08Z,810000,False,165.0,201.0,1,left,O. Brissett 26' 3PT  (5 PTS) (Q. Grimes 1 AST),"[1629052, 1629656]",1610612755.0,PHI,,,,,,,Above the Break 3,24+ Right Center,,,,Brissett,O. Brissett,,,Made,5.0,26.07,,,,,Q. Grimes,1629656.0,1.0,,,,,,
83,PT04M32.00S,2025-03-16T17:24:15.8Z,1,REGULAR,2pt,Jump Shot,[],1630314,84.57621550591328,27.941176470588236,1610612742,21,21,2025-03-16T17:24:35Z,830000,False,-110.0,92.0,1,right,MISS B. Williams 14' pullup Shot,[1630314],1610612742.0,DAL,pullup,,,,,,Mid-Range,8-16 Left,,,,Williams,B. Williams,,,Missed,,14.4,,,,,,,,,,,,,
84,PT04M32.00S,2025-03-16T17:24:15.8Z,1,REGULAR,rebound,defensive,[],1629656,,,1610612755,21,21,2025-03-16T17:29:42Z,840000,False,,,0,,Q. Grimes REBOUND (Off:0 Def:1),[1629656],1610612755.0,PHI,,,,,,,Mid-Range,8-16 Left,,,,Grimes,Q. Grimes,,,,,,83.0,1.0,1.0,0.0,,,,,,,,,
85,PT04M21.00S,2025-03-16T17:24:27.4Z,1,REGULAR,2pt,Layup,['pointsinthepaint'],1627824,9.149145860709593,49.01960784313725,1610612755,21,21,2025-03-16T17:24:34Z,850000,False,5.0,34.0,1,left,MISS G. Yabusele Layup,[1627824],1610612755.0,PHI,,,,,,,Restricted Area,0-8 Center,,,,Yabusele,G. Yabusele,,,Missed,,3.39,,,,,,,,,,,,,
86,PT04M17.00S,2025-03-16T17:24:31.4Z,1,REGULAR,rebound,defensive,[],1631108,,,1610612742,21,21,2025-03-16T17:24:34Z,860000,False,,,0,,M. Christie REBOUND (Off:0 Def:1),[1631108],1610612742.0,DAL,,,,,,,Restricted Area,0-8 Center,,,,Christie,M. Christie,,,,,,85.0,1.0,1.0,0.0,,,,,,,,,
87,PT04M13.00S,2025-03-16T17:24:34.5Z,1,REGULAR,2pt,Layup,"['pointsinthepaint', 'fastbreak']",1629023,91.80354796320631,50.245098039215684,1610612742,23,21,2025-03-16T17:24:40Z,870000,False,1.0,25.0,1,right,P. Washington running finger roll Layup (14 PTS) (S. Dinwiddie 1 AST),"[1629023, 203915]",1610612742.0,DAL,running finger roll,,,,,,Restricted Area,0-8 Center,,,,Washington,P. Washington,,,Made,14.0,2.45,,,,,S. Dinwiddie,203915.0,1.0,,,,,,
89,PT04M00.00S,2025-03-16T17:24:48.3Z,1,REGULAR,3pt,Jump Shot,[],1629656,20.05584756898817,4.411764705882353,1610612755,23,24,2025-03-16T17:24:52Z,890000,False,228.0,136.0,1,left,Q. Grimes 26' 3PT  (7 PTS) (J. Dowtin Jr. 1 AST),"[1629656, 1630288]",1610612755.0,PHI,,,,,,,Above the Break 3,24+ Right Center,,,,Grimes,Q. Grimes,,,Made,7.0,26.54,,,,,J. Dowtin Jr.,1630288.0,1.0,,,,,,
91,PT03M44.00S,2025-03-16T17:25:03.7Z,1,REGULAR,turnover,bad pass,[],1631108,,,1610612742,23,24,2025-03-16T17:25:09Z,910000,False,,,0,,M. Christie bad pass TURNOVER (1 TO),"[1631108, 1627824]",1610612742.0,DAL,,,,,,,Above the Break 3,24+ Left Center,,,,Christie,M. Christie,,,,,,,,,,,,,,,1.0,Yabusele,1627824.0,
92,PT03M44.00S,2025-03-16T17:25:03.7Z,1,REGULAR,steal,,[],1627824,,,1610612755,23,24,2025-03-16T17:25:05Z,920000,False,,,0,,G. Yabusele STEAL (1 STL),[1627824],1610612755.0,PHI,,,,,,,Above the Break 3,24+ Left Center,,,,Yabusele,G. Yabusele,,,,,,,,,,,,,,,,,,
93,PT03M43.00S,2025-03-16T17:25:06.0Z,1,REGULAR,foul,personal,['2freethrow'],203939,,,1610612755,23,24,2025-03-16T17:25:13Z,930000,False,,,0,,D. Powell shooting personal FOUL (1 PF) (Yabusele 2 FT),"[203939, 1627824]",1610612742.0,DAL,shooting,,,,,,Restricted Area,0-8 Center,1155.0,1.0,0.0,Powell,D. Powell,Yabusele,1627824.0,,,,,,,,,,,,,,,,
95,PT03M43.00S,2025-03-16T17:25:44.6Z,1,REGULAR,freethrow,1 of 2,"['fromturnover', 'fastbreak']",1627824,,,1610612755,23,25,2025-03-16T17:25:44Z,950000,False,,,0,,G. Yabusele Free Throw 1 of 2 (6 PTS),[1627824],1610612755.0,PHI,,,,,,,,,,,,Yabusele,G. Yabusele,,,Made,6.0,,,,,,,,,,,,,,
96,PT03M43.00S,2025-03-16T17:25:45.2Z,1,REGULAR,substitution,out,[],1629023,,,1610612755,23,25,2025-03-16T17:25:55Z,960000,False,,,0,,SUB out: P. Washington,[1629023],1610612742.0,DAL,,,,,,,,,,,,Washington,P. Washington,,,,,,,,,,,,,,,,,,
97,PT03M43.00S,2025-03-16T17:25:45.2Z,1,REGULAR,substitution,out,[],1629656,,,1610612755,23,25,2025-03-16T17:25:55Z,970000,False,,,0,,SUB out: Q. Grimes,[1629656],1610612755.0,PHI,,,,,,,,,,,,Grimes,Q. Grimes,,,,,,,,,,,,,,,,,,
98,PT03M43.00S,2025-03-16T17:25:45.2Z,1,REGULAR,substitution,out,[],1629052,,,1610612755,23,25,2025-03-16T17:25:55Z,980000,False,,,0,,SUB out: O. Brissett,[1629052],1610612755.0,PHI,,,,,,,,,,,,Brissett,O. Brissett,,,,,,,,,,,,,,,,,,
99,PT03M43.00S,2025-03-16T17:25:45.2Z,1,REGULAR,substitution,in,[],1630230,,,1610612755,23,25,2025-03-16T17:25:55Z,990000,False,,,0,,SUB in: N. Marshall,[1630230],1610612742.0,DAL,,,,,,,,,,,,Marshall,N. Marshall,,,,,,,,,,,,,,,,,,
100,PT03M43.00S,2025-03-16T17:25:45.2Z,1,REGULAR,substitution,in,[],1642024,,,1610612755,23,25,2025-03-16T17:25:55Z,1000000,False,,,0,,SUB in: A. Reese,[1642024],1610612755.0,PHI,,,,,,,,,,,,Reese,A. Reese,,,,,,,,,,,,,,,,,,
101,PT03M43.00S,2025-03-16T17:25:45.2Z,1,REGULAR,substitution,in,[],1629643,,,1610612755,23,25,2025-03-16T17:25:55Z,1010000,False,,,0,,SUB in: C. Okeke,[1629643],1610612755.0,PHI,,,,,,,,,,,,Okeke,C. Okeke,,,,,,,,,,,,,,,,,,
102,PT03M43.00S,2025-03-16T17:26:15.0Z,1,REGULAR,freethrow,2 of 2,"['fastbreak', 'fromturnover']",1627824,,,1610612755,23,26,2025-03-16T17:26:15Z,1020000,False,,,0,,G. Yabusele Free Throw 2 of 2 (7 PTS),[1627824],1610612755.0,PHI,,,,,,,,,,,,Yabusele,G. Yabusele,,,Made,7.0,,,,,,,,,,,,,,
103,PT03M32.00S,2025-03-16T17:26:28.4Z,1,REGULAR,2pt,Jump Shot,['pointsinthepaint'],1630230,86.94152431011827,49.26470588235294,1610612742,23,26,2025-03-16T17:26:44Z,1030000,False,-4.0,70.0,1,right,MISS N. Marshall 7' driving floating Shot,[1630230],1610612742.0,DAL,driving floating,,,,,,In The Paint (Non-RA),0-8 Center,,,,Marshall,N. Marshall,,,Missed,,7.03,,,,,,,,,,,,,
104,PT03M29.00S,2025-03-16T17:26:31.4Z,1,REGULAR,rebound,defensive,[],1642024,,,1610612755,23,26,2025-03-16T17:26:33Z,1040000,False,,,0,,A. Reese REBOUND (Off:0 Def:1),[1642024],1610612755.0,PHI,,,,,,,In The Paint (Non-RA),0-8 Center,,,,Reese,A. Reese,,,,,,103.0,1.0,1.0,0.0,,,,,,,,,
105,PT03M13.00S,2025-03-16T17:26:47.7Z,1,REGULAR,3pt,Jump Shot,[],1641720,33.98488830486202,28.186274509803923,1610612755,23,29,2025-03-16T17:27:06Z,1050000,False,109.0,267.0,1,left,J. Hood-Schifino 28' 3PT pullup (6 PTS),[1641720],1610612755.0,PHI,pullup,,,,,,Above the Break 3,24+ Right Center,,,,Hood-Schifino,J. Hood-Schifino,,,Made,6.0,28.84,,,,,,,,,,,,,
106,PT02M58.00S,2025-03-16T17:27:02.0Z,1,REGULAR,2pt,DUNK,['pointsinthepaint'],203939,94.1688567674113,49.26470588235294,1610612742,25,29,2025-03-16T17:28:05Z,1060000,False,-4.0,2.0,1,right,D. Powell cutting DUNK (2 PTS) (M. Christie 1 AST),"[203939, 1631108]",1610612742.0,DAL,cutting,,,,,,Restricted Area,0-8 Center,,,,Powell,D. Powell,,,Made,2.0,0.44,,,,,M. Christie,1631108.0,1.0,,,,,,
109,PT02M36.00S,2025-03-16T17:27:29.0Z,1,REGULAR,timeout,full,"['team', 'mandatory']",0,,,1610612755,25,29,2025-03-16T17:27:29Z,1090000,False,,,0,,DAL Timeout,[],1610612742.0,DAL,,,,,,,,,,,,,,,,,,,,,,,,,,,,,,,
110,PT02M36.00S,2025-03-16T17:27:30.3Z,1,REGULAR,substitution,out,[],1630314,,,1610612755,25,29,2025-03-16T17:30:21Z,1100000,False,,,0,,SUB out: B. Williams,[1630314],1610612742.0,DAL,,,,,,,,,,,,Williams,B. Williams,,,,,,,,,,,,,,,,,,
111,PT02M36.00S,2025-03-16T17:27:30.3Z,1,REGULAR,substitution,out,[],1627824,,,1610612755,25,29,2025-03-16T17:30:21Z,1110000,False,,,0,,SUB out: G. Yabusele,[1627824],1610612755.0,PHI,,,,,,,,,,,,Yabusele,G. Yabusele,,,,,,,,,,,,,,,,,,
112,PT02M36.00S,2025-03-16T17:27:30.3Z,1,REGULAR,substitution,in,[],202691,,,1610612755,25,29,2025-03-16T17:30:21Z,1120000,False,,,0,,SUB in: K. Thompson,[202691],1610612742.0,DAL,,,,,,,,,,,,Thompson,K. Thompson,,,,,,,,,,,,,,,,,,
113,PT02M36.00S,2025-03-16T17:27:30.3Z,1,REGULAR,substitution,in,[],1629052,,,1610612755,25,29,2025-03-16T17:30:21Z,1130000,False,,,0,,SUB in: O. Brissett,[1629052],1610612755.0,PHI,,,,,,,,,,,,Brissett,O. Brissett,,,,,,,,,,,,,,,,,,
114,PT02M34.00S,2025-03-16T17:30:32.1Z,1,REGULAR,3pt,Jump Shot,[],1641720,28.728646517739815,81.86274509803921,1610612755,25,29,2025-03-16T17:30:37Z,1140000,False,-159.0,218.0,1,left,MISS J. Hood-Schifino 26' 3PT,[1641720],1610612755.0,PHI,,,,,,,Above the Break 3,24+ Left Center,,,,Hood-Schifino,J. Hood-Schifino,,,Missed,,26.96,,,,,,,,,,,,,
115,PT02M31.00S,2025-03-16T17:30:35.1Z,1,REGULAR,rebound,defensive,[],1631108,,,1610612742,25,29,2025-03-16T17:30:37Z,1150000,False,,,0,,M. Christie REBOUND (Off:0 Def:2),[1631108],1610612742.0,DAL,,,,,,,Above the Break 3,24+ Left Center,,,,Christie,M. Christie,,,,,,114.0,2.0,2.0,0.0,,,,,,,,,
116,PT02M18.00S,2025-03-16T17:30:47.1Z,1,REGULAR,turnover,bad pass,[],202691,,,1610612742,25,29,2025-03-16T17:30:51Z,1160000,False,,,0,,K. Thompson bad pass TURNOVER (1 TO),"[202691, 1629052]",1610612742.0,DAL,,,,,,,In The Paint (Non-RA),8-16 Left,,,,Thompson,K. Thompson,,,,,,,,,,,,,,,1.0,Brissett,1629052.0,
117,PT02M18.00S,2025-03-16T17:30:47.1Z,1,REGULAR,steal,,[],1629052,,,1610612755,25,29,2025-03-16T17:30:49Z,1170000,False,,,0,,O. Brissett STEAL (1 STL),[1629052],1610612755.0,PHI,,,,,,,In The Paint (Non-RA),8-16 Left,,,,Brissett,O. Brissett,,,,,,,,,,,,,,,,,,
118,PT02M12.00S,2025-03-16T17:30:53.9Z,1,REGULAR,3pt,Jump Shot,['fromturnover'],1629052,28.203022339027594,19.362745098039216,1610612755,25,29,2025-03-16T17:30:58Z,1180000,False,153.0,213.0,1,left,MISS O. Brissett 26' 3PT,[1629052],1610612755.0,PHI,,,,,,,Above the Break 3,24+ Right Center,,,,Brissett,O. Brissett,,,Missed,,26.2,,,,,,,,,,,,,
119,PT02M09.00S,2025-03-16T17:30:56.9Z,1,REGULAR,rebound,defensive,[],1630230,,,1610612742,25,29,2025-03-16T17:30:58Z,1190000,False,,,0,,N. Marshall REBOUND (Off:0 Def:1),[1630230],1610612742.0,DAL,,,,,,,Above the Break 3,24+ Right Center,,,,Marshall,N. Marshall,,,,,,118.0,1.0,1.0,0.0,,,,,,,,,
120,PT01M56.00S,2025-03-16T17:31:09.3Z,1,REGULAR,3pt,Jump Shot,[],203915,65.39093298291722,24.754901960784316,1610612742,25,29,2025-03-16T17:31:14Z,1200000,False,-126.0,273.0,1,right,MISS S. Dinwiddie 30' 3PT,[203915],1610612742.0,DAL,,,,,,,Above the Break 3,24+ Left Center,,,,Dinwiddie,S. Dinwiddie,,,Missed,,30.06,,,,,,,,,,,,,
121,PT01M54.00S,2025-03-16T17:31:11.3Z,1,REGULAR,rebound,defensive,[],1629643,,,1610612755,25,29,2025-03-16T17:31:14Z,1210000,False,,,0,,C. Okeke REBOUND (Off:0 Def:1),[1629643],1610612755.0,PHI,,,,,,,Above the Break 3,24+ Left Center,,,,Okeke,C. Okeke,,,,,,120.0,1.0,1.0,0.0,,,,,,,,,
122,PT01M48.00S,2025-03-16T17:31:18.0Z,1,REGULAR,2pt,Jump Shot,['fastbreak'],1630288,20.18725361366623,77.45098039215686,1610612755,25,29,2025-03-16T17:32:11Z,1220000,False,-137.0,137.0,1,left,MISS J. Dowtin Jr. 19' running pullup Shot,[1630288],1610612755.0,PHI,running pullup,,,,,,Mid-Range,16-24 Left Center,,,,Dowtin Jr.,J. Dowtin Jr.,,,Missed,,19.42,,,,,,,,,,,,,
123,PT01M44.00S,2025-03-16T17:31:22.0Z,1,REGULAR,rebound,defensive,[],202691,,,1610612742,25,29,2025-03-16T17:31:23Z,1230000,False,,,0,,K. Thompson REBOUND (Off:0 Def:1),[202691],1610612742.0,DAL,,,,,,,Mid-Range,16-24 Left Center,,,,Thompson,K. Thompson,,,,,,122.0,1.0,1.0,0.0,,,,,,,,,
124,PT01M35.00S,2025-03-16T17:31:30.8Z,1,REGULAR,3pt,Jump Shot,[],1630230,88.64980289093299,4.6568627450980395,1610612742,25,29,2025-03-16T17:31:36Z,1240000,False,-227.0,54.0,1,right,MISS N. Marshall 3PT,[1630230],1610612742.0,DAL,,,,,,,Left Corner 3,24+ Left,,,,Marshall,N. Marshall,,,Missed,,23.31,,,,,,,,,,,,,
125,PT01M33.00S,2025-03-16T17:31:32.8Z,1,REGULAR,rebound,defensive,[],1629643,,,1610612755,25,29,2025-03-16T17:31:36Z,1250000,False,,,0,,C. Okeke REBOUND (Off:0 Def:2),[1629643],1610612755.0,PHI,,,,,,,Left Corner 3,24+ Left,,,,Okeke,C. Okeke,,,,,,124.0,2.0,2.0,0.0,,,,,,,,,
126,PT01M24.00S,2025-03-16T17:31:41.6Z,1,REGULAR,2pt,Layup,['pointsinthepaint'],1630288,6.915243101182654,51.71568627450981,1610612755,25,29,2025-03-16T17:32:34Z,1260000,False,-9.0,13.0,1,left,MISS J. Dowtin Jr. driving finger roll Layup,[1630288],1610612755.0,PHI,driving finger roll,,,,,,Restricted Area,0-8 Center,,,,Dowtin Jr.,J. Dowtin Jr.,,,Missed,,1.52,,,,,,,,,,,,,
127,PT01M23.00S,2025-03-16T17:31:42.6Z,1,REGULAR,rebound,offensive,[],1629643,,,1610612755,25,29,2025-03-16T17:32:58Z,1270000,False,,,0,,C. Okeke REBOUND (Off:1 Def:2),[1629643],1610612755.0,PHI,,,,,,,Restricted Area,0-8 Center,,,,Okeke,C. Okeke,,,,,,126.0,3.0,2.0,1.0,,,,,,,,,
128,PT01M23.00S,2025-03-16T17:31:44.8Z,1,REGULAR,2pt,DUNK,"['2ndchance', 'pointsinthepaint']",1629643,5.590000152587891,50.0,1610612755,25,31,2025-03-16T17:33:02Z,1280000,False,0.0,0.0,1,left,C. Okeke tip DUNK (2 PTS),[1629643],1610612755.0,PHI,tip,,,,,,Restricted Area,0-8 Center,,,,Okeke,C. Okeke,,,Made,2.0,0.0,,,,,,,,,,,,,
129,PT00M56.60S,2025-03-16T17:32:09.2Z,1,REGULAR,2pt,Layup,['pointsinthepaint'],202691,93.9060446780552,47.30392156862745,1610612742,27,31,2025-03-16T17:32:14Z,1290000,False,-13.0,5.0,1,right,K. Thompson cutting finger roll Layup (4 PTS) (D. Powell 2 AST),"[202691, 203939]",1610612742.0,DAL,cutting finger roll,,,,,,Restricted Area,0-8 Center,,,,Thompson,K. Thompson,,,Made,4.0,1.43,,,,,D. Powell,203939.0,2.0,,,,,,
131,PT00M43.30S,2025-03-16T17:32:26.6Z,1,REGULAR,2pt,Layup,['pointsinthepaint'],1630288,7.5722733245729295,55.88235294117647,1610612755,27,33,2025-03-16T17:33:26Z,1310000,False,-29.0,19.0,1,left,J. Dowtin Jr. driving Layup (2 PTS),[1630288],1610612755.0,PHI,driving,,,,,,Restricted Area,0-8 Center,,,,Dowtin Jr.,J. Dowtin Jr.,,,Made,2.0,3.48,,,,,,,,,,,,,
132,PT00M24.20S,2025-03-16T17:32:48.5Z,1,REGULAR,3pt,Jump Shot,[],1630230,68.15045992115637,30.14705882352941,1610612742,27,33,2025-03-16T17:32:53Z,1320000,False,-99.0,247.0,1,right,MISS N. Marshall 26' 3PT,[1630230],1610612742.0,DAL,,,,,,,Above the Break 3,24+ Left Center,,,,Marshall,N. Marshall,,,Missed,,26.61,,,,,,,,,,,,,
133,PT00M20.20S,2025-03-16T17:32:52.5Z,1,REGULAR,rebound,offensive,[],1630230,,,1610612742,27,33,2025-03-16T17:32:53Z,1330000,False,,,0,,N. Marshall REBOUND (Off:1 Def:1),[1630230],1610612742.0,DAL,,,,,,,Above the Break 3,24+ Left Center,,,,Marshall,N. Marshall,,,,,,132.0,2.0,1.0,1.0,,,,,,,,,
134,PT00M15.60S,2025-03-16T17:32:57.2Z,1,REGULAR,2pt,Jump Shot,"['pointsinthepaint', '2ndchance']",202691,80.04681340341656,48.939185049019606,1610612742,29,33,2025-03-16T17:33:03Z,1340000,False,-5.0,135.0,1,right,K. Thompson 13' Jump Shot (6 PTS) (N. Marshall 1 AST),"[202691, 1630230]",1610612742.0,DAL,,,,,,,In The Paint (Non-RA),8-16 Center,,,,Thompson,K. Thompson,,,Made,6.0,13.52,,,,,N. Marshall,1630230.0,1.0,,,,,,
136,PT00M06.00S,2025-03-16T17:33:10.7Z,1,REGULAR,3pt,Jump Shot,[],1641720,26.10052562417871,18.137254901960784,1610612755,29,36,2025-03-16T17:33:14Z,1360000,False,159.0,193.0,1,left,J. Hood-Schifino 25' 3PT pullup (9 PTS),[1641720],1610612755.0,PHI,pullup,,,,,,Above the Break 3,24+ Right Center,,,,Hood-Schifino,J. Hood-Schifino,,,Made,9.0,25.01,,,,,,,,,,,,,
137,PT00M00.10S,2025-03-16T17:33:20.6Z,1,REGULAR,3pt,Jump Shot,[],1630230,63.6826544021025,32.59803921568628,1610612742,32,36,2025-03-16T17:34:02Z,1370000,False,-87.0,289.0,1,right,N. Marshall 30' 3PT bank (5 PTS) (M. Christie 2 AST),"[1630230, 1631108]",1610612742.0,DAL,bank,,,,,,Above the Break 3,24+ Center,,,,Marshall,N. Marshall,,,Made,5.0,30.17,,,,,M. Christie,1631108.0,2.0,,,,,,
140,PT00M00.00S,2025-03-16T17:34:08.8Z,1,REGULAR,period,end,[],0,,,1610612755,32,36,2025-03-16T17:34:08Z,1400000,False,,,0,,Period End,[],,,,,,,,,,,,,,,,,,,,,,,,,,,,,,,,,
141,PT12M00.00S,2025-03-16T17:34:18.5Z,2,REGULAR,substitution,out,['startperiod'],203939,,,1610612755,32,36,2025-03-16T17:36:04Z,1410000,False,,,0,,SUB out: D. Powell,[203939],1610612742.0,DAL,,,,,,,,,,,,Powell,D. Powell,,,,,,,,,,,,,,,,,,
142,PT12M00.00S,2025-03-16T17:34:18.5Z,2,REGULAR,substitution,out,['startperiod'],202691,,,1610612755,32,36,2025-03-16T17:36:04Z,1420000,False,,,0,,SUB out: K. Thompson,[202691],1610612742.0,DAL,,,,,,,,,,,,Thompson,K. Thompson,,,,,,,,,,,,,,,,,,
143,PT12M00.00S,2025-03-16T17:34:18.5Z,2,REGULAR,substitution,in,['startperiod'],1630556,,,1610612755,32,36,2025-03-16T17:36:04Z,1430000,False,,,0,,SUB in: K. Edwards,[1630556],1610612742.0,DAL,,,,,,,,,,,,Edwards,K. Edwards,,,,,,,,,,,,,,,,,,
144,PT12M00.00S,2025-03-16T17:34:18.5Z,2,REGULAR,substitution,in,['startperiod'],1630314,,,1610612755,32,36,2025-03-16T17:36:04Z,1440000,False,,,0,,SUB in: B. Williams,[1630314],1610612742.0,DAL,,,,,,,,,,,,Williams,B. Williams,,,,,,,,,,,,,,,,,,
145,PT12M00.00S,2025-03-16T17:36:22.5Z,2,REGULAR,period,start,[],0,,,1610612755,32,36,2025-03-16T17:36:22Z,1450000,False,,,0,,Period Start,[],,,,,,,,,,,,,,,,,,,,,,,,,,,,,,,,,
146,PT12M00.00S,2025-03-16T17:36:24.9Z,2,REGULAR,violation,delay-of-game,['team'],0,,,1610612755,32,36,2025-03-16T17:36:47Z,1460000,False,,,0,,TEAM delay-of-game VIOLATION,[],1610612755.0,PHI,,,,,,,,,2530.0,,,,,,,,,,,,,,,,,,,,,,
147,PT11M37.00S,2025-03-16T17:36:44.0Z,2,REGULAR,2pt,Hook,['pointsinthepaint'],1641720,9.280551905387648,53.431372549019606,1610612755,32,36,2025-03-16T17:37:18Z,1470000,False,-17.0,35.0,1,left,MISS J. Hood-Schifino driving Hook,[1641720],1610612755.0,PHI,driving,,,,,,Restricted Area,0-8 Center,,,,Hood-Schifino,J. Hood-Schifino,,,Missed,,3.87,,,,,,,,,,,,,
148,PT11M36.00S,2025-03-16T17:36:45.0Z,2,REGULAR,rebound,defensive,[],203915,,,1610612742,32,36,2025-03-16T17:36:58Z,1480000,False,,,0,,S. Dinwiddie REBOUND (Off:0 Def:1),[203915],1610612742.0,DAL,,,,,,,Restricted Area,0-8 Center,,,,Dinwiddie,S. Dinwiddie,,,,,,147.0,1.0,1.0,0.0,,,,,,,,,
149,PT11M32.00S,2025-03-16T17:36:48.8Z,2,REGULAR,2pt,Jump Shot,"['fastbreak', 'pointsinthepaint']",1630230,88.78120893561103,40.931372549019606,1610612742,34,36,2025-03-16T17:37:53Z,1490000,False,-45.0,53.0,1,right,N. Marshall 6' driving floating bank Jump Shot (7 PTS),[1630230],1610612742.0,DAL,driving floating bank,,,,,,In The Paint (Non-RA),0-8 Center,,,,Marshall,N. Marshall,,,Made,7.0,6.97,,,,,,,,,,,,,
150,PT11M23.00S,2025-03-16T17:36:59.3Z,2,REGULAR,2pt,Layup,['pointsinthepaint'],1630288,7.5722733245729295,51.470588235294116,1610612755,34,38,2025-03-16T17:38:10Z,1500000,False,-7.0,19.0,1,left,J. Dowtin Jr. driving finger roll Layup (4 PTS),[1630288],1610612755.0,PHI,driving finger roll,,,,,,Restricted Area,0-8 Center,,,,Dowtin Jr.,J. Dowtin Jr.,,,Made,4.0,2.01,,,,,,,,,,,,,
151,PT11M23.00S,2025-03-16T17:37:02.3Z,2,REGULAR,foul,personal,['1freethrow'],1630314,,,1610612755,34,38,2025-03-16T17:37:09Z,1510000,False,,,0,,B. Williams shooting personal FOUL (1 PF) (Dowtin Jr. 1 FT),"[1630314, 1630288]",1610612742.0,DAL,shooting,,,,,,Restricted Area,0-8 Center,202056.0,1.0,0.0,Williams,B. Williams,Dowtin Jr.,1630288.0,,,,,,,,,,,,,,,,
153,PT11M23.00S,2025-03-16T17:37:24.8Z,2,REGULAR,freethrow,1 of 1,[],1630288,,,1610612755,34,38,2025-03-16T17:37:24Z,1530000,False,,,0,,MISS J. Dowtin Jr. Free Throw 1 of 1,[1630288],1610612755.0,PHI,,,,,,,,,,,,Dowtin Jr.,J. Dowtin Jr.,,,Missed,,,,,,,,,,,,,,,
154,PT11M21.00S,2025-03-16T17:37:26.1Z,2,REGULAR,rebound,defensive,[],1630230,,,1610612742,34,38,2025-03-16T17:37:26Z,1540000,False,,,0,,N. Marshall REBOUND (Off:1 Def:2),[1630230],1610612742.0,DAL,,,,,,,,,,,,Marshall,N. Marshall,,,,,,153.0,3.0,2.0,1.0,,,,,,,,,
155,PT11M16.00S,2025-03-16T17:37:30.3Z,2,REGULAR,3pt,Jump Shot,['fastbreak'],1631108,91.19579500657031,3.944546568627451,1610612742,37,38,2025-03-16T17:38:31Z,1550000,False,-230.0,30.0,1,right,M. Christie 3PT running (5 PTS) (S. Dinwiddie 2 AST),"[1631108, 203915]",1610612742.0,DAL,running,,,,,,Left Corner 3,24+ Left,,,,Christie,M. Christie,,,Made,5.0,23.23,,,,,S. Dinwiddie,203915.0,2.0,,,,,,
157,PT10M59.00S,2025-03-16T17:37:50.4Z,2,REGULAR,turnover,out-of-bounds,[],1630288,,,1610612755,37,38,2025-03-16T17:37:55Z,1570000,False,,,0,,J. Dowtin Jr. step out-of-bounds TURNOVER (1 TO),[1630288],1610612755.0,PHI,step,,,,,,Mid-Range,16-24 Left,202056.0,,,Dowtin Jr.,J. Dowtin Jr.,,,,,,,,,,,,,,,1.0,,,
158,PT10M59.00S,2025-03-16T17:37:53.8Z,2,REGULAR,substitution,out,[],1641720,,,1610612742,37,38,2025-03-16T17:38:00Z,1580000,False,,,0,,SUB out: J. Hood-Schifino,[1641720],1610612755.0,PHI,,,,,,,,,,,,Hood-Schifino,J. Hood-Schifino,,,,,,,,,,,,,,,,,,
159,PT10M59.00S,2025-03-16T17:37:53.8Z,2,REGULAR,substitution,out,[],1642024,,,1610612742,37,38,2025-03-16T17:38:00Z,1590000,False,,,0,,SUB out: A. Reese,[1642024],1610612755.0,PHI,,,,,,,,,,,,Reese,A. Reese,,,,,,,,,,,,,,,,,,
160,PT10M59.00S,2025-03-16T17:37:53.8Z,2,REGULAR,substitution,in,[],1642348,,,1610612742,37,38,2025-03-16T17:38:00Z,1600000,False,,,0,,SUB in: J. Edwards,[1642348],1610612755.0,PHI,,,,,,,,,,,,Edwards,J. Edwards,,,,,,,,,,,,,,,,,,
161,PT10M59.00S,2025-03-16T17:37:53.8Z,2,REGULAR,substitution,in,[],1641741,,,1610612742,37,38,2025-03-16T17:38:00Z,1610000,False,,,0,,SUB in: R. Council IV,[1641741],1610612755.0,PHI,,,,,,,,,,,,Council IV,R. Council IV,,,,,,,,,,,,,,,,,,
162,PT10M49.00S,2025-03-16T17:38:19.2Z,2,REGULAR,foul,personal,['2freethrow'],1642348,,,1610612742,37,38,2025-03-16T17:38:32Z,1620000,False,,,0,,J. Edwards shooting personal FOUL (2 PF) (Dinwiddie 2 FT),"[1642348, 203915]",1610612755.0,PHI,shooting,,,,,,In The Paint (Non-RA),0-8 Center,202056.0,2.0,0.0,Edwards,J. Edwards,Dinwiddie,203915.0,,,,,,,,,,,,,,,,
164,PT10M49.00S,2025-03-16T17:38:42.9Z,2,REGULAR,freethrow,1 of 2,['fromturnover'],203915,,,1610612742,38,38,2025-03-16T17:38:42Z,1640000,False,,,0,,S. Dinwiddie Free Throw 1 of 2 (1 PTS),[203915],1610612742.0,DAL,,,,,,,,,,,,Dinwiddie,S. Dinwiddie,,,Made,1.0,,,,,,,,,,,,,,
165,PT10M49.00S,2025-03-16T17:38:55.5Z,2,REGULAR,freethrow,2 of 2,['fromturnover'],203915,,,1610612742,39,38,2025-03-16T17:38:55Z,1650000,False,,,0,,S. Dinwiddie Free Throw 2 of 2 (2 PTS),[203915],1610612742.0,DAL,,,,,,,,,,,,Dinwiddie,S. Dinwiddie,,,Made,2.0,,,,,,,,,,,,,,
166,PT10M34.00S,2025-03-16T17:39:12.1Z,2,REGULAR,3pt,Jump Shot,[],1629643,23.209592641261498,11.519607843137255,1610612755,39,38,2025-03-16T17:39:18Z,1660000,False,192.0,166.0,1,left,MISS C. Okeke 25' 3PT,[1629643],1610612755.0,PHI,,,,,,,Above the Break 3,24+ Right Center,,,,Okeke,C. Okeke,,,Missed,,25.39,,,,,,,,,,,,,
167,PT10M31.00S,2025-03-16T17:39:15.1Z,2,REGULAR,rebound,defensive,[],1630556,,,1610612742,39,38,2025-03-16T17:39:18Z,1670000,False,,,0,,K. Edwards REBOUND (Off:0 Def:2),[1630556],1610612742.0,DAL,,,,,,,Above the Break 3,24+ Right Center,,,,Edwards,K. Edwards,,,,,,166.0,2.0,2.0,0.0,,,,,,,,,
168,PT10M17.00S,2025-03-16T17:39:28.6Z,2,REGULAR,2pt,Layup,['pointsinthepaint'],1630314,92.19776609724047,49.50980392156863,1610612742,41,38,2025-03-16T17:40:17Z,1680000,False,-2.0,21.0,1,right,B. Williams driving Layup (5 PTS),[1630314],1610612742.0,DAL,driving,,,,,,Restricted Area,0-8 Center,,,,Williams,B. Williams,,,Made,5.0,2.09,,,,,,,,,,,,,
170,PT10M01.00S,2025-03-16T17:39:44.5Z,2,REGULAR,3pt,Jump Shot,[],1641741,19.004599211563733,95.09803921568627,1610612755,41,38,2025-03-16T17:39:48Z,1700000,False,-225.0,126.0,1,left,MISS R. Council IV 25' 3PT,[1641741],1610612755.0,PHI,,,,,,,Above the Break 3,24+ Left Center,,,,Council IV,R. Council IV,,,Missed,,25.84,,,,,,,,,,,,,
171,PT09M59.00S,2025-03-16T17:39:46.5Z,2,REGULAR,rebound,defensive,[],1630556,,,1610612742,41,38,2025-03-16T17:39:48Z,1710000,False,,,0,,K. Edwards REBOUND (Off:0 Def:3),[1630556],1610612742.0,DAL,,,,,,,Above the Break 3,24+ Left Center,,,,Edwards,K. Edwards,,,,,,170.0,3.0,3.0,0.0,,,,,,,,,
175,PT09M56.00S,2025-03-16T17:40:06.4Z,2,REGULAR,foul,personal,['2freethrow'],1629052,,,1610612742,41,38,2025-03-16T17:42:10Z,1750000,False,,,0,,O. Brissett shooting personal FOUL (1 PF) (Marshall 2 FT),"[1629052, 1630230]",1610612755.0,PHI,shooting,,,,,,In The Paint (Non-RA),0-8 Center,1155.0,1.0,0.0,Brissett,O. Brissett,Marshall,1630230.0,,,,,,,,,,,,,,,,
177,PT09M56.00S,2025-03-16T17:40:24.1Z,2,REGULAR,timeout,full,"['team', 'mandatory']",0,,,1610612742,41,38,2025-03-16T17:40:24Z,1770000,False,,,0,,PHI Timeout,[],1610612755.0,PHI,,,,,,,,,,,,,,,,,,,,,,,,,,,,,,,
180,PT09M56.00S,2025-03-16T17:43:23.3Z,2,REGULAR,freethrow,1 of 2,['fastbreak'],1630230,,,1610612742,41,38,2025-03-16T17:43:23Z,1800000,False,,,0,,MISS N. Marshall Free Throw 1 of 2,[1630230],1610612742.0,DAL,,,,,,,,,,,,Marshall,N. Marshall,,,Missed,,,,,,,,,,,,,,,
181,PT09M56.00S,2025-03-16T17:43:23.3Z,2,REGULAR,rebound,offensive,"['deadball', 'team']",0,,,1610612742,41,38,2025-03-16T17:43:23Z,1810000,False,,,0,,TEAM offensive REBOUND,[],1610612742.0,DAL,,,,,,,,,,,,,,,,,,,180.0,,,,,,,,,,,,
182,PT09M56.00S,2025-03-16T17:43:35.6Z,2,REGULAR,freethrow,2 of 2,['fastbreak'],1630230,,,1610612742,42,38,2025-03-16T17:43:35Z,1820000,False,,,0,,N. Marshall Free Throw 2 of 2 (8 PTS),[1630230],1610612742.0,DAL,,,,,,,,,,,,Marshall,N. Marshall,,,Made,8.0,,,,,,,,,,,,,,
183,PT09M43.00S,2025-03-16T17:43:50.6Z,2,REGULAR,3pt,Jump Shot,[],1642348,19.267411300919843,92.40196078431373,1610612755,42,38,2025-03-16T17:43:55Z,1830000,False,-212.0,129.0,1,left,MISS J. Edwards 24' 3PT,[1642348],1610612755.0,PHI,,,,,,,Above the Break 3,24+ Left Center,,,,Edwards,J. Edwards,,,Missed,,24.8,,,,,,,,,,,,,
184,PT09M39.00S,2025-03-16T17:43:54.6Z,2,REGULAR,rebound,defensive,[],1631108,,,1610612742,42,38,2025-03-16T17:43:55Z,1840000,False,,,0,,M. Christie REBOUND (Off:0 Def:3),[1631108],1610612742.0,DAL,,,,,,,Above the Break 3,24+ Left Center,,,,Christie,M. Christie,,,,,,183.0,3.0,3.0,0.0,,,,,,,,,
185,PT09M35.00S,2025-03-16T17:43:58.2Z,2,REGULAR,2pt,Layup,"['pointsinthepaint', 'fastbreak']",1630314,90.62089356110381,55.63725490196079,1610612742,44,38,2025-03-16T17:44:05Z,1850000,False,28.0,36.0,1,right,B. Williams running Layup (7 PTS),[1630314],1610612742.0,DAL,running,,,,,,In The Paint (Non-RA),0-8 Center,,,,Williams,B. Williams,,,Made,7.0,4.55,,,,,,,,,,,,,
186,PT09M18.00S,2025-03-16T17:44:16.5Z,2,REGULAR,foul,personal,['2freethrow'],1630556,,,1610612755,44,38,2025-03-16T17:44:28Z,1860000,False,,,0,,K. Edwards shooting personal FOUL (1 PF) (Dowtin Jr. 2 FT),"[1630556, 1630288]",1610612742.0,DAL,shooting,,,,,,Restricted Area,0-8 Center,1155.0,1.0,0.0,Edwards,K. Edwards,Dowtin Jr.,1630288.0,,,,,,,,,,,,,,,,
188,PT09M18.00S,2025-03-16T17:44:47.1Z,2,REGULAR,freethrow,1 of 2,[],1630288,,,1610612755,44,39,2025-03-16T17:44:47Z,1880000,False,,,0,,J. Dowtin Jr. Free Throw 1 of 2 (5 PTS),[1630288],1610612755.0,PHI,,,,,,,,,,,,Dowtin Jr.,J. Dowtin Jr.,,,Made,5.0,,,,,,,,,,,,,,
189,PT09M18.00S,2025-03-16T17:45:09.1Z,2,REGULAR,freethrow,2 of 2,[],1630288,,,1610612755,44,40,2025-03-16T17:45:09Z,1890000,False,,,0,,J. Dowtin Jr. Free Throw 2 of 2 (6 PTS),[1630288],1610612755.0,PHI,,,,,,,,,,,,Dowtin Jr.,J. Dowtin Jr.,,,Made,6.0,,,,,,,,,,,,,,
191,PT08M58.00S,2025-03-16T17:45:42.4Z,2,REGULAR,2pt,Jump Shot,['pointsinthepaint'],203915,80.28909329829173,38.223805147058826,1610612742,46,40,2025-03-16T17:45:50Z,1910000,False,-59.0,133.0,1,right,S. Dinwiddie 14' pullup Jump Shot (4 PTS),[203915],1610612742.0,DAL,pullup,,,,,,In The Paint (Non-RA),8-16 Center,,,,Dinwiddie,S. Dinwiddie,,,Made,4.0,14.53,,,,,,,,,,,,,
192,PT08M41.00S,2025-03-16T17:45:59.8Z,2,REGULAR,3pt,Jump Shot,[],1629643,9.543363994743759,4.6568627450980395,1610612755,46,40,2025-03-16T17:46:04Z,1920000,False,227.0,37.0,1,left,MISS C. Okeke 3PT,[1629643],1610612755.0,PHI,,,,,,,Right Corner 3,24+ Right,,,,Okeke,C. Okeke,,,Missed,,22.97,,,,,,,,,,,,,
193,PT08M38.00S,2025-03-16T17:46:02.8Z,2,REGULAR,rebound,defensive,[],1630556,,,1610612742,46,40,2025-03-16T17:46:04Z,1930000,False,,,0,,K. Edwards REBOUND (Off:0 Def:4),[1630556],1610612742.0,DAL,,,,,,,Right Corner 3,24+ Right,,,,Edwards,K. Edwards,,,,,,192.0,4.0,4.0,0.0,,,,,,,,,
194,PT08M24.00S,2025-03-16T17:46:18.9Z,2,REGULAR,foul,personal,['2freethrow'],1630288,,,1610612742,46,40,2025-03-16T17:46:25Z,1940000,False,,,0,,J. Dowtin Jr. shooting personal FOUL (1 PF) (Williams 2 FT),"[1630288, 1630314]",1610612755.0,PHI,shooting,,,,,,Restricted Area,0-8 Center,1155.0,1.0,0.0,Dowtin Jr.,J. Dowtin Jr.,Williams,1630314.0,,,,,,,,,,,,,,,,
196,PT08M24.00S,2025-03-16T17:46:49.1Z,2,REGULAR,freethrow,1 of 2,[],1630314,,,1610612742,47,40,2025-03-16T17:46:49Z,1960000,False,,,0,,B. Williams Free Throw 1 of 2 (8 PTS),[1630314],1610612742.0,DAL,,,,,,,,,,,,Williams,B. Williams,,,Made,8.0,,,,,,,,,,,,,,
197,PT08M24.00S,2025-03-16T17:46:49.6Z,2,REGULAR,substitution,out,[],1630288,,,1610612742,47,40,2025-03-16T17:47:04Z,1970000,False,,,0,,SUB out: J. Dowtin Jr.,[1630288],1610612755.0,PHI,,,,,,,,,,,,Dowtin Jr.,J. Dowtin Jr.,,,,,,,,,,,,,,,,,,
198,PT08M24.00S,2025-03-16T17:46:49.6Z,2,REGULAR,substitution,out,[],1629052,,,1610612742,47,40,2025-03-16T17:47:04Z,1980000,False,,,0,,SUB out: O. Brissett,[1629052],1610612755.0,PHI,,,,,,,,,,,,Brissett,O. Brissett,,,,,,,,,,,,,,,,,,
199,PT08M24.00S,2025-03-16T17:46:49.6Z,2,REGULAR,substitution,out,[],1629643,,,1610612742,47,40,2025-03-16T17:47:04Z,1990000,False,,,0,,SUB out: C. Okeke,[1629643],1610612755.0,PHI,,,,,,,,,,,,Okeke,C. Okeke,,,,,,,,,,,,,,,,,,
200,PT08M24.00S,2025-03-16T17:46:49.6Z,2,REGULAR,substitution,in,[],1629656,,,1610612742,47,40,2025-03-16T17:47:04Z,2000000,False,,,0,,SUB in: Q. Grimes,[1629656],1610612755.0,PHI,,,,,,,,,,,,Grimes,Q. Grimes,,,,,,,,,,,,,,,,,,
201,PT08M24.00S,2025-03-16T17:46:49.6Z,2,REGULAR,substitution,in,[],1627824,,,1610612742,47,40,2025-03-16T17:47:04Z,2010000,False,,,0,,SUB in: G. Yabusele,[1627824],1610612755.0,PHI,,,,,,,,,,,,Yabusele,G. Yabusele,,,,,,,,,,,,,,,,,,
202,PT08M24.00S,2025-03-16T17:46:49.6Z,2,REGULAR,substitution,in,[],1630215,,,1610612742,47,40,2025-03-16T17:47:04Z,2020000,False,,,0,,SUB in: J. Butler,[1630215],1610612755.0,PHI,,,,,,,,,,,,Butler,J. Butler,,,,,,,,,,,,,,,,,,
203,PT08M24.00S,2025-03-16T17:47:14.9Z,2,REGULAR,freethrow,2 of 2,[],1630314,,,1610612742,48,40,2025-03-16T17:47:14Z,2030000,False,,,0,,B. Williams Free Throw 2 of 2 (9 PTS),[1630314],1610612742.0,DAL,,,,,,,,,,,,Williams,B. Williams,,,Made,9.0,,,,,,,,,,,,,,
204,PT08M07.00S,2025-03-16T17:47:36.1Z,2,REGULAR,turnover,traveling,[],1627824,,,1610612755,48,40,2025-03-16T17:47:41Z,2040000,False,,,0,,G. Yabusele traveling TURNOVER (1 TO),[1627824],1610612755.0,PHI,,,,,,,Mid-Range,8-16 Left,2530.0,,,Yabusele,G. Yabusele,,,,,,,,,,,,,,,1.0,,,
205,PT08M07.00S,2025-03-16T17:47:38.0Z,2,REGULAR,substitution,out,[],1630230,,,1610612742,48,40,2025-03-16T17:47:45Z,2050000,False,,,0,,SUB out: N. Marshall,[1630230],1610612742.0,DAL,,,,,,,,,,,,Marshall,N. Marshall,,,,,,,,,,,,,,,,,,
206,PT08M07.00S,2025-03-16T17:47:38.0Z,2,REGULAR,substitution,in,[],203939,,,1610612742,48,40,2025-03-16T17:47:45Z,2060000,False,,,0,,SUB in: D. Powell,[203939],1610612742.0,DAL,,,,,,,,,,,,Powell,D. Powell,,,,,,,,,,,,,,,,,,
207,PT08M00.00S,2025-03-16T17:47:57.0Z,2,REGULAR,3pt,Jump Shot,['fromturnover'],203915,71.69842312746385,13.970588235294118,1610612742,48,40,2025-03-16T17:48:24Z,2070000,False,-180.0,214.0,1,right,MISS S. Dinwiddie 27' 3PT,[203915],1610612742.0,DAL,,,,,,,Above the Break 3,24+ Left Center,,,,Dinwiddie,S. Dinwiddie,,,Missed,,27.93,,,,,,,,,,,,,
208,PT07M56.00S,2025-03-16T17:48:01.0Z,2,REGULAR,rebound,defensive,[],1630215,,,1610612755,48,40,2025-03-16T17:48:04Z,2080000,False,,,0,,J. Butler REBOUND (Off:0 Def:1),[1630215],1610612755.0,PHI,,,,,,,Above the Break 3,24+ Left Center,,,,Butler,J. Butler,,,,,,207.0,1.0,1.0,0.0,,,,,,,,,
209,PT07M54.00S,2025-03-16T17:48:04.9Z,2,REGULAR,foul,personal,[],1630556,,,1610612755,48,40,2025-03-16T17:48:19Z,2090000,False,,,0,,K. Edwards personal FOUL (2 PF),"[1630556, 1629656]",1610612742.0,DAL,,,,,,,Above the Break 3,24+ Left Center,2530.0,2.0,0.0,Edwards,K. Edwards,Grimes,1629656.0,,,,,,,,,,,,,,,,
211,PT07M40.00S,2025-03-16T17:48:31.9Z,2,REGULAR,2pt,Jump Shot,[],1642348,23.209592641261498,51.71568627450981,1610612755,48,42,2025-03-16T17:48:39Z,2110000,False,-9.0,166.0,1,left,J. Edwards 16' pullup Jump Shot (4 PTS) (Q. Grimes 2 AST),"[1642348, 1629656]",1610612755.0,PHI,pullup,,,,,,Mid-Range,16-24 Center,,,,Edwards,J. Edwards,,,Made,4.0,16.59,,,,,Q. Grimes,1629656.0,2.0,,,,,,
213,PT07M25.00S,2025-03-16T17:48:45.9Z,2,REGULAR,turnover,bad pass,[],1630314,,,1610612742,48,42,2025-03-16T17:48:49Z,2130000,False,,,0,,B. Williams bad pass TURNOVER (1 TO),"[1630314, 1642348]",1610612742.0,DAL,,,,,,,In The Paint (Non-RA),8-16 Center,,,,Williams,B. Williams,,,,,,,,,,,,,,,1.0,Edwards,1642348.0,
214,PT07M25.00S,2025-03-16T17:48:45.9Z,2,REGULAR,steal,,[],1642348,,,1610612755,48,42,2025-03-16T17:48:47Z,2140000,False,,,0,,J. Edwards STEAL (1 STL),[1642348],1610612755.0,PHI,,,,,,,In The Paint (Non-RA),8-16 Center,,,,Edwards,J. Edwards,,,,,,,,,,,,,,,,,,
215,PT07M19.00S,2025-03-16T17:48:51.9Z,2,REGULAR,3pt,Jump Shot,"['fastbreak', 'fromturnover']",1629656,31.09395532194481,30.14705882352941,1610612755,48,42,2025-03-16T17:49:31Z,2150000,False,99.0,240.0,1,left,MISS Q. Grimes 25' step back 3PT,[1629656],1610612755.0,PHI,step back,,,,,,Above the Break 3,24+ Right Center,,,,Grimes,Q. Grimes,,,Missed,,25.95,,,,,,,,,,,,,
216,PT07M15.00S,2025-03-16T17:48:55.9Z,2,REGULAR,rebound,defensive,[],1631108,,,1610612742,48,42,2025-03-16T17:49:00Z,2160000,False,,,0,,M. Christie REBOUND (Off:0 Def:4),[1631108],1610612742.0,DAL,,,,,,,Above the Break 3,24+ Right Center,,,,Christie,M. Christie,,,,,,215.0,4.0,4.0,0.0,,,,,,,,,
217,PT07M09.00S,2025-03-16T17:49:01.5Z,2,REGULAR,2pt,Layup,['pointsinthepaint'],203915,92.46057818659659,51.9607843137255,1610612742,50,42,2025-03-16T17:50:00Z,2170000,False,10.0,18.0,1,right,S. Dinwiddie driving finger roll Layup (6 PTS),[203915],1610612742.0,DAL,driving finger roll,,,,,,Restricted Area,0-8 Center,,,,Dinwiddie,S. Dinwiddie,,,Made,6.0,2.08,,,,,,,,,,,,,
218,PT07M03.00S,2025-03-16T17:49:09.6Z,2,REGULAR,turnover,traveling,[],1629656,,,1610612755,50,42,2025-03-16T17:49:15Z,2180000,False,,,0,,Q. Grimes traveling TURNOVER (2 TO),[1629656],1610612755.0,PHI,,,,,,,Above the Break 3,24+ Left Center,2530.0,,,Grimes,Q. Grimes,,,,,,,,,,,,,,,2.0,,,
219,PT07M03.00S,2025-03-16T17:49:11.3Z,2,REGULAR,substitution,out,[],1630314,,,1610612742,50,42,2025-03-16T17:49:23Z,2190000,False,,,0,,SUB out: B. Williams,[1630314],1610612742.0,DAL,,,,,,,,,,,,Williams,B. Williams,,,,,,,,,,,,,,,,,,
220,PT07M03.00S,2025-03-16T17:49:11.3Z,2,REGULAR,substitution,in,[],202691,,,1610612742,50,42,2025-03-16T17:49:23Z,2200000,False,,,0,,SUB in: K. Thompson,[202691],1610612742.0,DAL,,,,,,,,,,,,Thompson,K. Thompson,,,,,,,,,,,,,,,,,,
221,PT06M53.00S,2025-03-16T17:49:36.8Z,2,REGULAR,foul,personal,['2freethrow'],1630215,,,1610612742,50,42,2025-03-16T17:49:44Z,2210000,False,,,0,,J. Butler shooting personal FOUL (2 PF) (Christie 2 FT),"[1630215, 1631108]",1610612755.0,PHI,shooting,,,,,,In The Paint (Non-RA),0-8 Center,2530.0,2.0,0.0,Butler,J. Butler,Christie,1631108.0,,,,,,,,,,,,,,,,
223,PT06M53.00S,2025-03-16T17:50:04.8Z,2,REGULAR,freethrow,1 of 2,['fromturnover'],1631108,,,1610612742,50,42,2025-03-16T17:50:24Z,2230000,False,,,0,,MISS M. Christie Free Throw 1 of 2,[1631108],1610612742.0,DAL,,,,,,,,,,,,Christie,M. Christie,,,Missed,,,,,,,,,,,,,,,
224,PT06M53.00S,2025-03-16T17:50:04.8Z,2,REGULAR,rebound,offensive,"['team', 'deadball']",0,,,1610612742,50,42,2025-03-16T17:50:24Z,2240000,False,,,0,,TEAM offensive REBOUND,[],1610612742.0,DAL,,,,,,,,,,,,,,,,,,,223.0,,,,,,,,,,,,
225,PT06M53.00S,2025-03-16T17:50:04.8Z,2,REGULAR,freethrow,2 of 2,['fromturnover'],1631108,,,1610612742,50,42,2025-03-16T17:50:24Z,2250000,False,,,0,,MISS M. Christie Free Throw 2 of 2,[1631108],1610612742.0,DAL,,,,,,,,,,,,Christie,M. Christie,,,Missed,,,,,,,,,,,,,,,
226,PT06M51.00S,2025-03-16T17:50:06.8Z,2,REGULAR,rebound,defensive,[],1627824,,,1610612755,50,42,2025-03-16T17:50:24Z,2260000,False,,,0,,G. Yabusele REBOUND (Off:0 Def:2),[1627824],1610612755.0,PHI,,,,,,,,,,,,Yabusele,G. Yabusele,,,,,,225.0,2.0,2.0,0.0,,,,,,,,,
227,PT06M41.00S,2025-03-16T17:50:32.1Z,2,REGULAR,2pt,Jump Shot,['pointsinthepaint'],1630215,7.440867279894875,45.83333333333333,1610612755,50,44,2025-03-16T17:50:54Z,2270000,False,21.0,17.0,1,left,J. Butler driving floating bank Jump Shot (2 PTS),[1630215],1610612755.0,PHI,driving floating bank,,,,,,Restricted Area,0-8 Center,,,,Butler,J. Butler,,,Made,2.0,2.71,,,,,,,,,,,,,
228,PT06M28.00S,2025-03-16T17:50:43.6Z,2,REGULAR,3pt,Jump Shot,[],1631108,74.45795006570303,13.480392156862745,1610612742,53,44,2025-03-16T17:50:48Z,2280000,False,-183.0,188.0,1,right,M. Christie 26' 3PT  (8 PTS) (D. Powell 3 AST),"[1631108, 203939]",1610612742.0,DAL,,,,,,,Above the Break 3,24+ Left Center,,,,Christie,M. Christie,,,Made,8.0,26.18,,,,,D. Powell,203939.0,3.0,,,,,,
230,PT06M15.00S,2025-03-16T17:50:56.5Z,2,REGULAR,2pt,Jump Shot,[],1641741,11.432325886990801,73.55238970588235,1610612755,53,44,2025-03-16T17:51:03Z,2300000,False,-118.0,55.0,1,left,MISS R. Council IV 13' turnaround fadeaway Shot,[1641741],1610612755.0,PHI,turnaround fadeaway,,,,,,Mid-Range,8-16 Left,,,,Council IV,R. Council IV,,,Missed,,13.0,,,,,,,,,,,,,
231,PT06M13.00S,2025-03-16T17:50:58.5Z,2,REGULAR,rebound,defensive,[],1630556,,,1610612742,53,44,2025-03-16T17:51:03Z,2310000,False,,,0,,K. Edwards REBOUND (Off:0 Def:5),[1630556],1610612742.0,DAL,,,,,,,Mid-Range,8-16 Left,,,,Edwards,K. Edwards,,,,,,230.0,5.0,5.0,0.0,,,,,,,,,
232,PT06M03.00S,2025-03-16T17:51:10.3Z,2,REGULAR,2pt,Layup,['pointsinthepaint'],202691,93.77463863337714,47.549019607843135,1610612742,53,44,2025-03-16T17:51:14Z,2320000,False,-12.0,6.0,1,right,MISS K. Thompson driving Layup,[202691],1610612742.0,DAL,driving,,,,,,Restricted Area,0-8 Center,,,,Thompson,K. Thompson,,,Missed,,1.37,,,,,,,,,,,,,
233,PT06M00.00S,2025-03-16T17:51:13.3Z,2,REGULAR,rebound,defensive,[],1642348,,,1610612755,53,44,2025-03-16T17:51:14Z,2330000,False,,,0,,J. Edwards REBOUND (Off:0 Def:2),[1642348],1610612755.0,PHI,,,,,,,Restricted Area,0-8 Center,,,,Edwards,J. Edwards,,,,,,232.0,2.0,2.0,0.0,,,,,,,,,
234,PT05M53.00S,2025-03-16T17:51:19.2Z,2,REGULAR,3pt,Jump Shot,[],1642348,30.305519053876477,32.35294117647059,1610612755,53,44,2025-03-16T17:52:06Z,2340000,False,88.0,232.0,1,left,MISS J. Edwards 24' step back 3PT,[1642348],1610612755.0,PHI,step back,,,,,,Above the Break 3,24+ Right Center,,,,Edwards,J. Edwards,,,Missed,,24.86,,,,,,,,,,,,,
235,PT05M48.00S,2025-03-16T17:51:24.2Z,2,REGULAR,rebound,defensive,[],1630556,,,1610612742,53,44,2025-03-16T17:51:25Z,2350000,False,,,0,,K. Edwards REBOUND (Off:0 Def:6),[1630556],1610612742.0,DAL,,,,,,,Above the Break 3,24+ Right Center,,,,Edwards,K. Edwards,,,,,,234.0,6.0,6.0,0.0,,,,,,,,,
236,PT05M41.00S,2025-03-16T17:51:31.2Z,2,REGULAR,3pt,Jump Shot,[],203915,69.33311432325887,69.36274509803921,1610612742,53,44,2025-03-16T17:52:31Z,2360000,False,97.0,236.0,1,right,MISS S. Dinwiddie 25' step back 3PT,[203915],1610612742.0,DAL,step back,,,,,,Above the Break 3,24+ Right Center,,,,Dinwiddie,S. Dinwiddie,,,Missed,,25.49,,,,,,,,,,,,,
237,PT05M38.00S,2025-03-16T17:51:34.2Z,2,REGULAR,rebound,defensive,[],1627824,,,1610612755,53,44,2025-03-16T17:51:36Z,2370000,False,,,0,,G. Yabusele REBOUND (Off:0 Def:3),[1627824],1610612755.0,PHI,,,,,,,Above the Break 3,24+ Right Center,,,,Yabusele,G. Yabusele,,,,,,236.0,3.0,3.0,0.0,,,,,,,,,
238,PT05M20.00S,2025-03-16T17:51:51.7Z,2,REGULAR,3pt,Jump Shot,[],1641741,17.16491458607096,93.13725490196079,1610612755,53,44,2025-03-16T17:51:57Z,2380000,False,-216.0,109.0,1,left,MISS R. Council IV 24' 3PT,[1641741],1610612755.0,PHI,,,,,,,Above the Break 3,24+ Left Center,,,,Council IV,R. Council IV,,,Missed,,24.16,,,,,,,,,,,,,
239,PT05M17.00S,2025-03-16T17:51:54.7Z,2,REGULAR,rebound,defensive,[],1631108,,,1610612742,53,44,2025-03-16T17:51:57Z,2390000,False,,,0,,M. Christie REBOUND (Off:0 Def:5),[1631108],1610612742.0,DAL,,,,,,,Above the Break 3,24+ Left Center,,,,Christie,M. Christie,,,,,,238.0,5.0,5.0,0.0,,,,,,,,,
240,PT05M08.00S,2025-03-16T17:52:04.3Z,2,REGULAR,3pt,Jump Shot,[],1630556,91.32720105124835,5.170036764705882,1610612742,53,44,2025-03-16T17:52:12Z,2400000,False,-224.0,29.0,1,right,MISS K. Edwards 3PT,[1630556],1610612742.0,DAL,,,,,,,Left Corner 3,24+ Left,,,,Edwards,K. Edwards,,,Missed,,22.6,,,,,,,,,,,,,
241,PT05M05.00S,2025-03-16T17:52:07.3Z,2,REGULAR,rebound,defensive,[],1641741,,,1610612755,53,44,2025-03-16T17:52:12Z,2410000,False,,,0,,R. Council IV REBOUND (Off:0 Def:4),[1641741],1610612755.0,PHI,,,,,,,Left Corner 3,24+ Left,,,,Council IV,R. Council IV,,,,,,240.0,4.0,4.0,0.0,,,,,,,,,
243,PT05M01.00S,2025-03-16T17:52:13.8Z,2,REGULAR,foul,personal,['2freethrow'],203915,,,1610612755,53,44,2025-03-16T17:52:20Z,2430000,False,,,0,,S. Dinwiddie shooting personal FOUL (1 PF) (Council IV 2 FT),"[203915, 1641741]",1610612742.0,DAL,shooting,,,,,,In The Paint (Non-RA),0-8 Center,1155.0,1.0,0.0,Dinwiddie,S. Dinwiddie,Council IV,1641741.0,,,,,,,,,,,,,,,,
245,PT05M01.00S,2025-03-16T17:52:40.9Z,2,REGULAR,freethrow,1 of 2,['fastbreak'],1641741,,,1610612755,53,45,2025-03-16T17:52:40Z,2450000,False,,,0,,R. Council IV Free Throw 1 of 2 (3 PTS),[1641741],1610612755.0,PHI,,,,,,,,,,,,Council IV,R. Council IV,,,Made,3.0,,,,,,,,,,,,,,
246,PT05M01.00S,2025-03-16T17:52:41.4Z,2,REGULAR,substitution,out,[],203939,,,1610612755,53,45,2025-03-16T17:52:51Z,2460000,False,,,0,,SUB out: D. Powell,[203939],1610612742.0,DAL,,,,,,,,,,,,Powell,D. Powell,,,,,,,,,,,,,,,,,,
247,PT05M01.00S,2025-03-16T17:52:41.4Z,2,REGULAR,substitution,out,[],1630556,,,1610612755,53,45,2025-03-16T17:52:51Z,2470000,False,,,0,,SUB out: K. Edwards,[1630556],1610612742.0,DAL,,,,,,,,,,,,Edwards,K. Edwards,,,,,,,,,,,,,,,,,,
248,PT05M01.00S,2025-03-16T17:52:41.4Z,2,REGULAR,substitution,out,[],1642348,,,1610612755,53,45,2025-03-16T17:52:51Z,2480000,False,,,0,,SUB out: J. Edwards,[1642348],1610612755.0,PHI,,,,,,,,,,,,Edwards,J. Edwards,,,,,,,,,,,,,,,,,,
249,PT05M01.00S,2025-03-16T17:52:41.4Z,2,REGULAR,substitution,out,[],1627824,,,1610612755,53,45,2025-03-16T17:52:51Z,2490000,False,,,0,,SUB out: G. Yabusele,[1627824],1610612755.0,PHI,,,,,,,,,,,,Yabusele,G. Yabusele,,,,,,,,,,,,,,,,,,
250,PT05M01.00S,2025-03-16T17:52:41.4Z,2,REGULAR,substitution,in,[],1629023,,,1610612755,53,45,2025-03-16T17:52:51Z,2500000,False,,,0,,SUB in: P. Washington,[1629023],1610612742.0,DAL,,,,,,,,,,,,Washington,P. Washington,,,,,,,,,,,,,,,,,,
251,PT05M01.00S,2025-03-16T17:52:41.4Z,2,REGULAR,substitution,in,[],1630230,,,1610612755,53,45,2025-03-16T17:52:51Z,2510000,False,,,0,,SUB in: N. Marshall,[1630230],1610612742.0,DAL,,,,,,,,,,,,Marshall,N. Marshall,,,,,,,,,,,,,,,,,,
252,PT05M01.00S,2025-03-16T17:52:41.4Z,2,REGULAR,substitution,in,[],1642024,,,1610612755,53,45,2025-03-16T17:52:51Z,2520000,False,,,0,,SUB in: A. Reese,[1642024],1610612755.0,PHI,,,,,,,,,,,,Reese,A. Reese,,,,,,,,,,,,,,,,,,
253,PT05M01.00S,2025-03-16T17:52:41.4Z,2,REGULAR,substitution,in,[],1641720,,,1610612755,53,45,2025-03-16T17:52:51Z,2530000,False,,,0,,SUB in: J. Hood-Schifino,[1641720],1610612755.0,PHI,,,,,,,,,,,,Hood-Schifino,J. Hood-Schifino,,,,,,,,,,,,,,,,,,
254,PT05M01.00S,2025-03-16T17:53:07.5Z,2,REGULAR,freethrow,2 of 2,['fastbreak'],1641741,,,1610612755,53,46,2025-03-16T17:53:07Z,2540000,False,,,0,,R. Council IV Free Throw 2 of 2 (4 PTS),[1641741],1610612755.0,PHI,,,,,,,,,,,,Council IV,R. Council IV,,,Made,4.0,,,,,,,,,,,,,,
255,PT04M39.00S,2025-03-16T17:53:31.7Z,2,REGULAR,2pt,Jump Shot,['pointsinthepaint'],1629023,87.33574244415243,56.127450980392155,1610612742,55,46,2025-03-16T17:53:35Z,2550000,False,31.0,67.0,1,right,P. Washington 7' driving floating Jump Shot (16 PTS) (N. Marshall 2 AST),"[1629023, 1630230]",1610612742.0,DAL,driving floating,,,,,,In The Paint (Non-RA),0-8 Center,,,,Washington,P. Washington,,,Made,16.0,7.32,,,,,N. Marshall,1630230.0,2.0,,,,,,
257,PT04M39.00S,2025-03-16T17:53:33.6Z,2,REGULAR,foul,personal,"['inpenalty', '1freethrow']",1629656,,,1610612742,55,46,2025-03-16T17:53:44Z,2570000,False,,,0,,Q. Grimes shooting personal FOUL (2 PF) (Washington 1 FT),"[1629656, 1629023]",1610612755.0,PHI,shooting,,,,,,In The Paint (Non-RA),0-8 Center,202056.0,2.0,0.0,Grimes,Q. Grimes,Washington,1629023.0,,,,,,,,,,,,,,,,
259,PT04M39.00S,2025-03-16T17:53:41.3Z,2,REGULAR,substitution,out,[],203915,,,1610612742,55,46,2025-03-16T17:53:57Z,2590000,False,,,0,,SUB out: S. Dinwiddie,[203915],1610612742.0,DAL,,,,,,,,,,,,Dinwiddie,S. Dinwiddie,,,,,,,,,,,,,,,,,,
260,PT04M39.00S,2025-03-16T17:53:41.3Z,2,REGULAR,substitution,in,[],1630314,,,1610612742,55,46,2025-03-16T17:53:57Z,2600000,False,,,0,,SUB in: B. Williams,[1630314],1610612742.0,DAL,,,,,,,,,,,,Williams,B. Williams,,,,,,,,,,,,,,,,,,
261,PT04M39.00S,2025-03-16T17:53:56.0Z,2,REGULAR,freethrow,1 of 1,[],1629023,,,1610612742,55,46,2025-03-16T17:53:56Z,2610000,False,,,0,,MISS P. Washington Free Throw 1 of 1,[1629023],1610612742.0,DAL,,,,,,,,,,,,Washington,P. Washington,,,Missed,,,,,,,,,,,,,,,
262,PT04M37.00S,2025-03-16T17:53:57.3Z,2,REGULAR,rebound,defensive,[],1641741,,,1610612755,55,46,2025-03-16T17:53:57Z,2620000,False,,,0,,R. Council IV REBOUND (Off:0 Def:5),[1641741],1610612755.0,PHI,,,,,,,,,,,,Council IV,R. Council IV,,,,,,261.0,5.0,5.0,0.0,,,,,,,,,
263,PT04M33.00S,2025-03-16T17:54:01.0Z,2,REGULAR,turnover,lost ball,[],1641741,,,1610612755,55,46,2025-03-16T17:54:06Z,2630000,False,,,0,,R. Council IV lost ball TURNOVER (1 TO),"[1641741, 1630314]",1610612755.0,PHI,,,,,,,Above the Break 3,24+ Left Center,,,,Council IV,R. Council IV,,,,,,,,,,,,,,,1.0,Williams,1630314.0,
264,PT04M33.00S,2025-03-16T17:54:01.0Z,2,REGULAR,steal,,[],1630314,,,1610612742,55,46,2025-03-16T17:54:02Z,2640000,False,,,0,,B. Williams STEAL (1 STL),[1630314],1610612742.0,DAL,,,,,,,Above the Break 3,24+ Left Center,,,,Williams,B. Williams,,,,,,,,,,,,,,,,,,
265,PT04M29.00S,2025-03-16T17:54:05.6Z,2,REGULAR,2pt,DUNK,"['fastbreak', 'pointsinthepaint', 'fromturnover']",1629023,93.38042049934296,49.01960784313725,1610612742,57,46,2025-03-16T17:54:31Z,2650000,False,-5.0,10.0,1,right,P. Washington running DUNK (18 PTS) (N. Marshall 3 AST),"[1629023, 1630230]",1610612742.0,DAL,running,,,,,,Restricted Area,0-8 Center,,,,Washington,P. Washington,,,Made,18.0,1.09,,,,,N. Marshall,1630230.0,3.0,,,,,,
268,PT04M14.00S,2025-03-16T17:54:23.9Z,2,REGULAR,foul,personal,"['inpenalty', '2freethrow']",1630314,,,1610612755,57,46,2025-03-16T17:54:28Z,2680000,False,,,0,,B. Williams shooting personal FOUL (2 PF) (Butler 2 FT),"[1630314, 1630215]",1610612742.0,DAL,shooting,,,,,,Restricted Area,0-8 Center,202056.0,2.0,0.0,Williams,B. Williams,Butler,1630215.0,,,,,,,,,,,,,,,,
270,PT04M14.00S,2025-03-16T17:54:46.5Z,2,REGULAR,freethrow,1 of 2,[],1630215,,,1610612755,57,47,2025-03-16T17:54:46Z,2700000,False,,,0,,J. Butler Free Throw 1 of 2 (3 PTS),[1630215],1610612755.0,PHI,,,,,,,,,,,,Butler,J. Butler,,,Made,3.0,,,,,,,,,,,,,,
271,PT04M14.00S,2025-03-16T17:54:47.5Z,2,REGULAR,substitution,out,[],1641741,,,1610612755,57,47,2025-03-16T17:55:02Z,2710000,False,,,0,,SUB out: R. Council IV,[1641741],1610612755.0,PHI,,,,,,,,,,,,Council IV,R. Council IV,,,,,,,,,,,,,,,,,,
272,PT04M14.00S,2025-03-16T17:54:47.5Z,2,REGULAR,substitution,in,[],1629052,,,1610612755,57,47,2025-03-16T17:55:02Z,2720000,False,,,0,,SUB in: O. Brissett,[1629052],1610612755.0,PHI,,,,,,,,,,,,Brissett,O. Brissett,,,,,,,,,,,,,,,,,,
273,PT04M14.00S,2025-03-16T17:55:04.5Z,2,REGULAR,freethrow,2 of 2,[],1630215,,,1610612755,57,48,2025-03-16T17:55:04Z,2730000,False,,,0,,J. Butler Free Throw 2 of 2 (4 PTS),[1630215],1610612755.0,PHI,,,,,,,,,,,,Butler,J. Butler,,,Made,4.0,,,,,,,,,,,,,,
274,PT04M02.00S,2025-03-16T17:55:20.7Z,2,REGULAR,2pt,Hook,['pointsinthepaint'],1629023,88.17345597897503,43.77297794117647,1610612742,59,48,2025-03-16T17:55:27Z,2740000,False,-31.0,59.0,1,right,P. Washington 6' turnaround Hook (20 PTS),[1629023],1610612742.0,DAL,turnaround,,,,,,In The Paint (Non-RA),0-8 Center,,,,Washington,P. Washington,,,Made,20.0,6.64,,,,,,,,,,,,,
276,PT03M51.00S,2025-03-16T17:55:32.1Z,2,REGULAR,2pt,Layup,['pointsinthepaint'],1629052,7.835085413929041,46.32352941176471,1610612755,59,50,2025-03-16T17:55:37Z,2760000,False,18.0,21.0,1,left,O. Brissett cutting Layup (7 PTS) (Q. Grimes 3 AST),"[1629052, 1629656]",1610612755.0,PHI,cutting,,,,,,Restricted Area,0-8 Center,,,,Brissett,O. Brissett,,,Made,7.0,2.8,,,,,Q. Grimes,1629656.0,3.0,,,,,,
278,PT03M37.00S,2025-03-16T17:55:45.2Z,2,REGULAR,2pt,Layup,['pointsinthepaint'],1629023,93.11760840998686,53.431372549019606,1610612742,59,50,2025-03-16T17:55:50Z,2780000,False,17.0,12.0,1,right,MISS P. Washington driving Layup,[1629023],1610612742.0,DAL,driving,,,,,,Restricted Area,0-8 Center,,,,Washington,P. Washington,,,Missed,,2.11,,,,,,,,,,,,,
279,PT03M37.00S,2025-03-16T17:55:45.2Z,2,REGULAR,rebound,defensive,[],1641720,,,1610612755,59,50,2025-03-16T17:55:50Z,2790000,False,,,0,,J. Hood-Schifino REBOUND (Off:0 Def:1),[1641720],1610612755.0,PHI,,,,,,,Restricted Area,0-8 Center,,,,Hood-Schifino,J. Hood-Schifino,,,,,,278.0,1.0,1.0,0.0,,,,,,,,,
281,PT03M22.00S,2025-03-16T17:56:22.3Z,2,REGULAR,turnover,lost ball,[],1629656,,,1610612755,59,50,2025-03-16T18:01:21Z,2810000,False,,,0,,Q. Grimes lost ball TURNOVER (3 TO),[1629656],1610612755.0,PHI,,,,,,,In The Paint (Non-RA),8-16 Left,,,,Grimes,Q. Grimes,,,,,,,,,,,,,,,3.0,,,
283,PT03M22.00S,2025-03-16T17:56:27.4Z,2,REGULAR,foul,personal,"['inpenalty', '2freethrow']",1629656,,,1610612742,59,50,2025-03-16T17:56:51Z,2830000,False,,,0,,Q. Grimes loose ball personal FOUL (3 PF) (Williams 2 FT),"[1629656, 1630314]",1610612755.0,PHI,loose ball,,,,,,Mid-Range,8-16 Center,202056.0,3.0,0.0,Grimes,Q. Grimes,Williams,1630314.0,,,,,,,,,,,,,,,,
285,PT03M22.00S,2025-03-16T17:57:08.7Z,2,REGULAR,freethrow,1 of 2,['fromturnover'],1630314,,,1610612742,60,50,2025-03-16T17:57:08Z,2850000,False,,,0,,B. Williams Free Throw 1 of 2 (10 PTS),[1630314],1610612742.0,DAL,,,,,,,,,,,,Williams,B. Williams,,,Made,10.0,,,,,,,,,,,,,,
286,PT03M22.00S,2025-03-16T17:57:25.4Z,2,REGULAR,freethrow,2 of 2,['fromturnover'],1630314,,,1610612742,61,50,2025-03-16T17:57:25Z,2860000,False,,,0,,B. Williams Free Throw 2 of 2 (11 PTS),[1630314],1610612742.0,DAL,,,,,,,,,,,,Williams,B. Williams,,,Made,11.0,,,,,,,,,,,,,,
287,PT03M04.00S,2025-03-16T17:57:44.4Z,2,REGULAR,2pt,Layup,['pointsinthepaint'],1629656,7.703679369250986,50.245098039215684,1610612755,61,52,2025-03-16T17:57:50Z,2870000,False,-1.0,20.0,1,left,Q. Grimes driving Layup (9 PTS) (O. Brissett 1 AST),"[1629656, 1629052]",1610612755.0,PHI,driving,,,,,,Restricted Area,0-8 Center,,,,Grimes,Q. Grimes,,,Made,9.0,1.99,,,,,O. Brissett,1629052.0,1.0,,,,,,
289,PT02M46.00S,2025-03-16T17:58:01.7Z,2,REGULAR,3pt,Jump Shot,[],1630314,78.9257555847569,10.049019607843137,1610612742,61,52,2025-03-16T17:58:07Z,2890000,False,-200.0,146.0,1,right,MISS B. Williams 24' 3PT,[1630314],1610612742.0,DAL,,,,,,,Above the Break 3,24+ Left Center,,,,Williams,B. Williams,,,Missed,,24.72,,,,,,,,,,,,,
290,PT02M44.00S,2025-03-16T17:58:03.7Z,2,REGULAR,rebound,defensive,[],1629052,,,1610612755,61,52,2025-03-16T17:58:07Z,2900000,False,,,0,,O. Brissett REBOUND (Off:1 Def:1),[1629052],1610612755.0,PHI,,,,,,,Above the Break 3,24+ Left Center,,,,Brissett,O. Brissett,,,,,,289.0,2.0,1.0,1.0,,,,,,,,,
291,PT02M41.00S,2025-03-16T17:58:07.7Z,2,REGULAR,turnover,bad pass,[],1629052,,,1610612755,61,52,2025-03-16T17:59:02Z,2910000,False,,,0,,O. Brissett bad pass TURNOVER (1 TO),"[1629052, 202691]",1610612755.0,PHI,,,,,,,Restricted Area,0-8 Center,,,,Brissett,O. Brissett,,,,,,,,,,,,,,,1.0,Thompson,202691.0,
292,PT02M41.00S,2025-03-16T17:58:07.7Z,2,REGULAR,steal,,[],202691,,,1610612742,61,52,2025-03-16T17:58:09Z,2920000,False,,,0,,K. Thompson STEAL (1 STL),[202691],1610612742.0,DAL,,,,,,,Restricted Area,0-8 Center,,,,Thompson,K. Thompson,,,,,,,,,,,,,,,,,,
293,PT02M39.00S,2025-03-16T17:58:09.6Z,2,REGULAR,2pt,Jump Shot,['fromturnover'],202691,79.188567674113,70.34313725490196,1610612742,63,52,2025-03-16T18:16:55Z,2930000,False,102.0,143.0,1,right,K. Thompson 17' step back Jump Shot (8 PTS),[202691],1610612742.0,DAL,step back,,,,,,Mid-Range,16-24 Right Center,,,,Thompson,K. Thompson,,,Made,8.0,17.56,,,,,,,,,,,,,
294,PT02M29.00S,2025-03-16T17:58:20.3Z,2,REGULAR,3pt,Jump Shot,[],1642024,30.56833114323259,31.862745098039213,1610612755,63,55,2025-03-16T17:58:31Z,2940000,False,91.0,235.0,1,left,A. Reese 25' 3PT  (3 PTS) (Q. Grimes 4 AST),"[1642024, 1629656]",1610612755.0,PHI,,,,,,,Above the Break 3,24+ Right Center,,,,Reese,A. Reese,,,Made,3.0,25.17,,,,,Q. Grimes,1629656.0,4.0,,,,,,
296,PT02M15.00S,2025-03-16T17:58:33.7Z,2,REGULAR,turnover,lost ball,[],1629023,,,1610612742,63,55,2025-03-16T17:58:38Z,2960000,False,,,0,,P. Washington lost ball TURNOVER (1 TO),"[1629023, 1629052]",1610612742.0,DAL,,,,,,,In The Paint (Non-RA),8-16 Center,,,,Washington,P. Washington,,,,,,,,,,,,,,,1.0,Brissett,1629052.0,
297,PT02M15.00S,2025-03-16T17:58:33.7Z,2,REGULAR,steal,,[],1629052,,,1610612755,63,55,2025-03-16T17:58:34Z,2970000,False,,,0,,O. Brissett STEAL (2 STL),[1629052],1610612755.0,PHI,,,,,,,In The Paint (Non-RA),8-16 Center,,,,Brissett,O. Brissett,,,,,,,,,,,,,,,,,,
298,PT02M12.00S,2025-03-16T17:58:36.8Z,2,REGULAR,turnover,out-of-bounds,[],1629052,,,1610612755,63,55,2025-03-16T17:58:50Z,2980000,False,,,0,,O. Brissett bad pass out-of-bounds TURNOVER (2 TO),[1629052],1610612755.0,PHI,bad pass,,,,,,Mid-Range,16-24 Left Center,202056.0,,,Brissett,O. Brissett,,,,,,,,,,,,,,,2.0,,,
299,PT02M12.00S,2025-03-16T17:58:41.0Z,2,REGULAR,timeout,full,"['team', 'mandatory']",0,,,1610612742,63,55,2025-03-16T17:58:41Z,2990000,False,,,0,,DAL Timeout,[],1610612742.0,DAL,,,,,,,,,,,,,,,,,,,,,,,,,,,,,,,
300,PT02M12.00S,2025-03-16T17:59:05.2Z,2,REGULAR,substitution,out,[],1631108,,,1610612742,63,55,2025-03-16T18:01:47Z,3000000,False,,,0,,SUB out: M. Christie,[1631108],1610612742.0,DAL,,,,,,,,,,,,Christie,M. Christie,,,,,,,,,,,,,,,,,,
301,PT02M12.00S,2025-03-16T17:59:05.2Z,2,REGULAR,substitution,out,[],1630314,,,1610612742,63,55,2025-03-16T18:01:47Z,3010000,False,,,0,,SUB out: B. Williams,[1630314],1610612742.0,DAL,,,,,,,,,,,,Williams,B. Williams,,,,,,,,,,,,,,,,,,
302,PT02M12.00S,2025-03-16T17:59:05.2Z,2,REGULAR,substitution,in,[],1630556,,,1610612742,63,55,2025-03-16T18:01:47Z,3020000,False,,,0,,SUB in: K. Edwards,[1630556],1610612742.0,DAL,,,,,,,,,,,,Edwards,K. Edwards,,,,,,,,,,,,,,,,,,
303,PT02M12.00S,2025-03-16T17:59:05.2Z,2,REGULAR,substitution,in,[],203915,,,1610612742,63,55,2025-03-16T18:01:47Z,3030000,False,,,0,,SUB in: S. Dinwiddie,[203915],1610612742.0,DAL,,,,,,,,,,,,Dinwiddie,S. Dinwiddie,,,,,,,,,,,,,,,,,,
304,PT01M58.00S,2025-03-16T18:01:57.4Z,2,REGULAR,turnover,lost ball,[],1629023,,,1610612742,63,55,2025-03-16T18:02:00Z,3040000,False,,,0,,P. Washington lost ball TURNOVER (2 TO),"[1629023, 1629656]",1610612742.0,DAL,,,,,,,Mid-Range,8-16 Right,,,,Washington,P. Washington,,,,,,,,,,,,,,,2.0,Grimes,1629656.0,
305,PT01M58.00S,2025-03-16T18:01:57.4Z,2,REGULAR,steal,,[],1629656,,,1610612755,63,55,2025-03-16T18:01:58Z,3050000,False,,,0,,Q. Grimes STEAL (1 STL),[1629656],1610612755.0,PHI,,,,,,,Mid-Range,8-16 Right,,,,Grimes,Q. Grimes,,,,,,,,,,,,,,,,,,
306,PT01M54.00S,2025-03-16T18:02:01.4Z,2,REGULAR,2pt,Layup,"['pointsinthepaint', 'fromturnover', 'fastbreak']",1629656,7.5722733245729295,48.77450980392157,1610612755,63,55,2025-03-16T18:02:07Z,3060000,False,6.0,19.0,1,left,MISS Q. Grimes running finger roll Layup,[1629656],1610612755.0,PHI,running finger roll,,,,,,Restricted Area,0-8 Center,,,,Grimes,Q. Grimes,,,Missed,,1.97,,,,,,,,,,,,,
307,PT01M52.00S,2025-03-16T18:02:03.4Z,2,REGULAR,rebound,defensive,[],1629023,,,1610612742,63,55,2025-03-16T18:02:07Z,3070000,False,,,0,,P. Washington REBOUND (Off:0 Def:4),[1629023],1610612742.0,DAL,,,,,,,Restricted Area,0-8 Center,,,,Washington,P. Washington,,,,,,306.0,4.0,4.0,0.0,,,,,,,,,
308,PT01M47.00S,2025-03-16T18:02:08.9Z,2,REGULAR,foul,personal,"['inpenalty', '2freethrow']",1642024,,,1610612742,63,55,2025-03-16T18:02:19Z,3080000,False,,,0,,A. Reese shooting personal FOUL (1 PF) (Marshall 2 FT),"[1642024, 1630230]",1610612755.0,PHI,shooting,,,,,,Restricted Area,0-8 Center,2530.0,1.0,0.0,Reese,A. Reese,Marshall,1630230.0,,,,,,,,,,,,,,,,
310,PT01M47.00S,2025-03-16T18:02:30.7Z,2,REGULAR,freethrow,1 of 2,['fastbreak'],1630230,,,1610612742,63,55,2025-03-16T18:02:30Z,3100000,False,,,0,,MISS N. Marshall Free Throw 1 of 2,[1630230],1610612742.0,DAL,,,,,,,,,,,,Marshall,N. Marshall,,,Missed,,,,,,,,,,,,,,,
311,PT01M47.00S,2025-03-16T18:02:30.7Z,2,REGULAR,rebound,offensive,"['deadball', 'team']",0,,,1610612742,63,55,2025-03-16T18:02:30Z,3110000,False,,,0,,TEAM offensive REBOUND,[],1610612742.0,DAL,,,,,,,,,,,,,,,,,,,310.0,,,,,,,,,,,,
312,PT01M47.00S,2025-03-16T18:02:43.7Z,2,REGULAR,freethrow,2 of 2,['fastbreak'],1630230,,,1610612742,64,55,2025-03-16T18:02:43Z,3120000,False,,,0,,N. Marshall Free Throw 2 of 2 (9 PTS),[1630230],1610612742.0,DAL,,,,,,,,,,,,Marshall,N. Marshall,,,Made,9.0,,,,,,,,,,,,,,
313,PT01M32.00S,2025-03-16T18:03:00.1Z,2,REGULAR,3pt,Jump Shot,[],1642024,3.630091984231275,96.32352941176471,1610612755,64,58,2025-03-16T18:03:03Z,3130000,False,-232.0,-18.0,1,left,A. Reese 3PT  (6 PTS) (J. Butler 4 AST),"[1642024, 1630215]",1610612755.0,PHI,,,,,,,Left Corner 3,24+ Left,,,,Reese,A. Reese,,,Made,6.0,23.23,,,,,J. Butler,1630215.0,4.0,,,,,,
315,PT01M19.00S,2025-03-16T18:03:13.4Z,2,REGULAR,2pt,Jump Shot,['pointsinthepaint'],1630230,82.21090670170827,43.872549019607845,1610612742,66,58,2025-03-16T18:03:29Z,3150000,False,-31.0,115.0,1,right,N. Marshall 11' driving floating Jump Shot (11 PTS) (S. Dinwiddie 3 AST),"[1630230, 203915]",1610612742.0,DAL,driving floating,,,,,,In The Paint (Non-RA),8-16 Center,,,,Marshall,N. Marshall,,,Made,11.0,11.87,,,,,S. Dinwiddie,203915.0,3.0,,,,,,
317,PT01M05.00S,2025-03-16T18:03:27.0Z,2,REGULAR,3pt,Jump Shot,[],1641720,26.231931668856767,16.42156862745098,1610612755,66,61,2025-03-16T18:03:32Z,3170000,False,168.0,194.0,1,left,J. Hood-Schifino 25' 3PT step back (12 PTS) (Q. Grimes 5 AST),"[1641720, 1629656]",1610612755.0,PHI,step back,,,,,,Above the Break 3,24+ Right Center,,,,Hood-Schifino,J. Hood-Schifino,,,Made,12.0,25.66,,,,,Q. Grimes,1629656.0,5.0,,,,,,
319,PT00M55.80S,2025-03-16T18:03:38.5Z,2,REGULAR,turnover,bad pass,[],1630230,,,1610612742,66,61,2025-03-16T18:03:48Z,3190000,False,,,0,,N. Marshall bad pass TURNOVER (1 TO),"[1630230, 1642024]",1610612742.0,DAL,,,,,,,Above the Break 3,24+ Center,,,,Marshall,N. Marshall,,,,,,,,,,,,,,,1.0,Reese,1642024.0,
320,PT00M55.80S,2025-03-16T18:03:38.5Z,2,REGULAR,steal,,[],1642024,,,1610612755,66,61,2025-03-16T18:05:36Z,3200000,False,,,0,,A. Reese STEAL (1 STL),[1642024],1610612755.0,PHI,,,,,,,Above the Break 3,24+ Center,,,,Reese,A. Reese,,,,,,,,,,,,,,,,,,
321,PT00M50.20S,2025-03-16T18:03:44.2Z,2,REGULAR,2pt,Layup,"['fastbreak', 'pointsinthepaint', 'fromturnover']",1629052,6.1268068331143235,45.588235294117645,1610612755,66,61,2025-03-16T18:04:17Z,3210000,False,22.0,5.0,1,left,MISS O. Brissett running finger roll Layup,[1629052],1610612755.0,PHI,running finger roll,,,,,,Restricted Area,0-8 Center,,,,Brissett,O. Brissett,,,Missed,,2.27,,,,,,,,,,,,,
322,PT00M48.70S,2025-03-16T18:03:45.7Z,2,REGULAR,rebound,defensive,[],1630230,,,1610612742,66,61,2025-03-16T18:03:45Z,3220000,False,,,0,,N. Marshall REBOUND (Off:1 Def:3),[1630230],1610612742.0,DAL,,,,,,,Restricted Area,0-8 Center,,,,Marshall,N. Marshall,,,,,,321.0,4.0,3.0,1.0,,,,,,,,,
323,PT00M40.00S,2025-03-16T18:03:54.4Z,2,REGULAR,3pt,Jump Shot,[],202691,91.3477332457293,4.924938725490196,1610612742,66,61,2025-03-16T18:04:00Z,3230000,False,-225.0,29.0,1,right,MISS K. Thompson 3PT,[202691],1610612742.0,DAL,,,,,,,Left Corner 3,24+ Left,,,,Thompson,K. Thompson,,,Missed,,22.72,,,,,,,,,,,,,
324,PT00M37.80S,2025-03-16T18:03:56.6Z,2,REGULAR,rebound,offensive,[],1629023,,,1610612742,66,61,2025-03-16T18:04:00Z,3240000,False,,,0,,P. Washington REBOUND (Off:1 Def:4),[1629023],1610612742.0,DAL,,,,,,,Left Corner 3,24+ Left,,,,Washington,P. Washington,,,,,,323.0,5.0,4.0,1.0,,,,,,,,,
325,PT00M35.90S,2025-03-16T18:03:58.6Z,2,REGULAR,2pt,Layup,"['pointsinthepaint', '2ndchance']",1630230,92.59198423127464,49.50980392156863,1610612742,68,61,2025-03-16T18:05:01Z,3250000,False,-2.0,17.0,1,right,N. Marshall driving Layup (13 PTS) (P. Washington 1 AST),"[1630230, 1629023]",1610612742.0,DAL,driving,,,,,,Restricted Area,0-8 Center,,,,Marshall,N. Marshall,,,Made,13.0,1.73,,,,,P. Washington,1629023.0,1.0,,,,,,
327,PT00M13.30S,2025-03-16T18:04:22.8Z,2,REGULAR,3pt,Jump Shot,[],1629656,32.56200722733246,59.091605392156865,1610612755,68,64,2025-03-16T18:04:29Z,3270000,False,-45.0,254.0,1,left,Q. Grimes 25' 3PT  (12 PTS) (A. Reese 1 AST),"[1629656, 1642024]",1610612755.0,PHI,,,,,,,Above the Break 3,24+ Center,,,,Grimes,Q. Grimes,,,Made,12.0,25.76,,,,,A. Reese,1642024.0,1.0,,,,,,
329,PT00M02.00S,2025-03-16T18:04:43.0Z,2,REGULAR,2pt,Layup,['pointsinthepaint'],1630230,92.06636005256242,50.49019607843137,1610612742,68,64,2025-03-16T18:04:47Z,3290000,False,2.0,22.0,1,right,MISS N. Marshall driving reverse Layup,[1630230],1610612742.0,DAL,driving reverse,,,,,,Restricted Area,0-8 Center,,,,Marshall,N. Marshall,,,Missed,,2.22,,,,,,,,,,,,,
330,PT00M00.50S,2025-03-16T18:04:44.5Z,2,REGULAR,rebound,defensive,[],1642024,,,1610612755,68,64,2025-03-16T18:04:44Z,3300000,False,,,0,,A. Reese REBOUND (Off:0 Def:2),[1642024],1610612755.0,PHI,,,,,,,Restricted Area,0-8 Center,,,,Reese,A. Reese,,,,,,329.0,2.0,2.0,0.0,,,,,,,,,
331,PT00M00.00S,2025-03-16T18:04:51.4Z,2,REGULAR,period,end,[],0,,,1610612755,68,64,2025-03-16T18:04:51Z,3310000,False,,,0,,Period End,[],,,,,,,,,,,,,,,,,,,,,,,,,,,,,,,,,
332,PT12M00.00S,2025-03-16T18:18:50.3Z,3,REGULAR,substitution,out,['startperiod'],203915,,,1610612755,68,64,2025-03-16T18:19:50Z,3320000,False,,,0,,SUB out: S. Dinwiddie,[203915],1610612742.0,DAL,,,,,,,,,,,,Dinwiddie,S. Dinwiddie,,,,,,,,,,,,,,,,,,
333,PT12M00.00S,2025-03-16T18:18:50.3Z,3,REGULAR,substitution,out,['startperiod'],1641720,,,1610612755,68,64,2025-03-16T18:19:50Z,3330000,False,,,0,,SUB out: J. Hood-Schifino,[1641720],1610612755.0,PHI,,,,,,,,,,,,Hood-Schifino,J. Hood-Schifino,,,,,,,,,,,,,,,,,,
334,PT12M00.00S,2025-03-16T18:18:50.3Z,3,REGULAR,substitution,out,['startperiod'],1629052,,,1610612755,68,64,2025-03-16T18:19:50Z,3340000,False,,,0,,SUB out: O. Brissett,[1629052],1610612755.0,PHI,,,,,,,,,,,,Brissett,O. Brissett,,,,,,,,,,,,,,,,,,
335,PT12M00.00S,2025-03-16T18:18:50.3Z,3,REGULAR,substitution,out,['startperiod'],1642024,,,1610612755,68,64,2025-03-16T18:19:50Z,3350000,False,,,0,,SUB out: A. Reese,[1642024],1610612755.0,PHI,,,,,,,,,,,,Reese,A. Reese,,,,,,,,,,,,,,,,,,
336,PT12M00.00S,2025-03-16T18:18:50.3Z,3,REGULAR,substitution,in,['startperiod'],1630314,,,1610612755,68,64,2025-03-16T18:19:50Z,3360000,False,,,0,,SUB in: B. Williams,[1630314],1610612742.0,DAL,,,,,,,,,,,,Williams,B. Williams,,,,,,,,,,,,,,,,,,
337,PT12M00.00S,2025-03-16T18:18:50.3Z,3,REGULAR,substitution,in,['startperiod'],1642348,,,1610612755,68,64,2025-03-16T18:19:50Z,3370000,False,,,0,,SUB in: J. Edwards,[1642348],1610612755.0,PHI,,,,,,,,,,,,Edwards,J. Edwards,,,,,,,,,,,,,,,,,,
338,PT12M00.00S,2025-03-16T18:18:50.3Z,3,REGULAR,substitution,in,['startperiod'],1627824,,,1610612755,68,64,2025-03-16T18:19:50Z,3380000,False,,,0,,SUB in: G. Yabusele,[1627824],1610612755.0,PHI,,,,,,,,,,,,Yabusele,G. Yabusele,,,,,,,,,,,,,,,,,,
339,PT12M00.00S,2025-03-16T18:18:50.3Z,3,REGULAR,substitution,in,['startperiod'],1641741,,,1610612755,68,64,2025-03-16T18:19:50Z,3390000,False,,,0,,SUB in: R. Council IV,[1641741],1610612755.0,PHI,,,,,,,,,,,,Council IV,R. Council IV,,,,,,,,,,,,,,,,,,
340,PT12M00.00S,2025-03-16T18:19:55.5Z,3,REGULAR,period,start,[],0,,,1610612755,68,64,2025-03-16T18:19:55Z,3400000,False,,,0,,Period Start,[],,,,,,,,,,,,,,,,,,,,,,,,,,,,,,,,,
341,PT11M41.00S,2025-03-16T18:20:13.5Z,3,REGULAR,2pt,Hook,['pointsinthepaint'],1642348,89.96386333771353,50.73529411764706,1610612755,68,66,2025-03-16T18:20:17Z,3410000,False,4.0,42.0,1,right,J. Edwards turnaround Hook (6 PTS) (J. Butler 5 AST),"[1642348, 1630215]",1610612755.0,PHI,turnaround,,,,,,Restricted Area,0-8 Center,,,,Edwards,J. Edwards,,,Made,6.0,4.2,,,,,J. Butler,1630215.0,5.0,,,,,,
343,PT11M20.00S,2025-03-16T18:20:34.0Z,3,REGULAR,turnover,lost ball,[],1629023,,,1610612742,68,66,2025-03-16T18:20:49Z,3430000,False,,,0,,P. Washington lost ball TURNOVER (3 TO),"[1629023, 1642348]",1610612742.0,DAL,,,,,,,In The Paint (Non-RA),0-8 Center,,,,Washington,P. Washington,,,,,,,,,,,,,,,3.0,Edwards,1642348.0,
344,PT11M20.00S,2025-03-16T18:20:34.0Z,3,REGULAR,steal,,[],1642348,,,1610612755,68,66,2025-03-16T18:20:35Z,3440000,False,,,0,,J. Edwards STEAL (2 STL),[1642348],1610612755.0,PHI,,,,,,,In The Paint (Non-RA),0-8 Center,,,,Edwards,J. Edwards,,,,,,,,,,,,,,,,,,
345,PT11M14.00S,2025-03-16T18:20:39.9Z,3,REGULAR,2pt,Layup,"['pointsinthepaint', 'fromturnover', 'fastbreak']",1627824,91.27792378449409,56.61764705882353,1610612755,68,66,2025-03-16T18:20:46Z,3450000,False,33.0,29.0,1,right,MISS G. Yabusele running Layup,[1627824],1610612755.0,PHI,running,,,,,,In The Paint (Non-RA),0-8 Center,,,,Yabusele,G. Yabusele,,,Missed,,4.43,,,,,,,,,,,,,
346,PT11M12.00S,2025-03-16T18:20:42.4Z,3,REGULAR,rebound,defensive,[],1629023,,,1610612742,68,66,2025-03-16T18:20:42Z,3460000,False,,,0,,P. Washington REBOUND (Off:1 Def:5),[1629023],1610612742.0,DAL,,,,,,,In The Paint (Non-RA),0-8 Center,,,,Washington,P. Washington,,,,,,345.0,6.0,5.0,1.0,,,,,,,,,
347,PT11M07.00S,2025-03-16T18:20:48.9Z,3,REGULAR,foul,offensive,[],1629023,,,1610612742,68,66,2025-03-16T18:20:56Z,3470000,False,,,0,,P. Washington charge offensive FOUL (1 PF),"[1629023, 1630215]",1610612742.0,DAL,charge,,,,,,Restricted Area,0-8 Center,1155.0,1.0,0.0,Washington,P. Washington,Butler,1630215.0,,,,,,,,,,,,,,,,
349,PT11M07.00S,2025-03-16T18:20:48.9Z,3,REGULAR,turnover,offensive foul,[],1629023,,,1610612742,68,66,2025-03-16T18:20:48Z,3490000,False,,,0,,P. Washington offensive foul TURNOVER (4 TO),[1629023],1610612742.0,DAL,,,,,,,Restricted Area,0-8 Center,1155.0,,,Washington,P. Washington,,,,,,,,,,,,,,,4.0,,,
350,PT10M49.00S,2025-03-16T18:21:21.1Z,3,REGULAR,2pt,Layup,"['pointsinthepaint', 'fromturnover']",1629656,93.77463863337714,50.98039215686274,1610612755,68,68,2025-03-16T18:21:24Z,3500000,False,5.0,6.0,1,right,Q. Grimes driving finger roll Layup (14 PTS) (J. Butler 6 AST),"[1629656, 1630215]",1610612755.0,PHI,driving finger roll,,,,,,Restricted Area,0-8 Center,,,,Grimes,Q. Grimes,,,Made,14.0,0.77,,,,,J. Butler,1630215.0,6.0,,,,,,
352,PT10M33.00S,2025-03-16T18:21:37.7Z,3,REGULAR,turnover,lost ball,[],1630314,,,1610612742,68,68,2025-03-16T18:24:24Z,3520000,False,,,0,,B. Williams lost ball TURNOVER (2 TO),"[1630314, 1629656]",1610612742.0,DAL,,,,,,,In The Paint (Non-RA),8-16 Center,,,,Williams,B. Williams,,,,,,,,,,,,,,,2.0,Grimes,1629656.0,
353,PT10M33.00S,2025-03-16T18:21:37.7Z,3,REGULAR,steal,,[],1629656,,,1610612755,68,68,2025-03-16T18:21:38Z,3530000,False,,,0,,Q. Grimes STEAL (2 STL),[1629656],1610612755.0,PHI,,,,,,,In The Paint (Non-RA),8-16 Center,,,,Grimes,Q. Grimes,,,,,,,,,,,,,,,,,,
354,PT10M28.00S,2025-03-16T18:21:43.0Z,3,REGULAR,2pt,Layup,"['pointsinthepaint', 'fromturnover', 'fastbreak']",1641741,92.72339027595268,53.92156862745098,1610612755,68,70,2025-03-16T18:22:15Z,3540000,False,20.0,16.0,1,right,R. Council IV running Layup (6 PTS) (Q. Grimes 6 AST),"[1641741, 1629656]",1610612755.0,PHI,running,,,,,,Restricted Area,0-8 Center,,,,Council IV,R. Council IV,,,Made,6.0,2.52,,,,,Q. Grimes,1629656.0,6.0,,,,,,
356,PT10M14.00S,2025-03-16T18:21:56.1Z,3,REGULAR,3pt,Jump Shot,[],1629023,28.465834428383708,74.26470588235294,1610612742,68,70,2025-03-16T18:22:30Z,3560000,False,-121.0,215.0,1,left,MISS P. Washington 24' step back 3PT,[1629023],1610612742.0,DAL,step back,,,,,,Above the Break 3,24+ Left Center,,,,Washington,P. Washington,,,Missed,,24.69,,,,,,,,,,,,,
357,PT10M13.00S,2025-03-16T18:21:57.1Z,3,REGULAR,rebound,defensive,['team'],0,,,1610612755,68,70,2025-03-16T18:22:30Z,3570000,False,,,0,,TEAM defensive REBOUND,[],1610612755.0,PHI,,,,,,,Above the Break 3,24+ Left Center,,,,,,,,,,,356.0,,,,,,,,,,,,
359,PT09M51.00S,2025-03-16T18:22:30.8Z,3,REGULAR,2pt,Hook,['pointsinthepaint'],1627824,93.38042049934296,65.44117647058823,1610612755,68,70,2025-03-16T18:23:19Z,3590000,False,77.0,10.0,1,right,MISS G. Yabusele 7' turnaround Hook,[1627824],1610612755.0,PHI,turnaround,,,,,,In The Paint (Non-RA),0-8 Center,,,,Yabusele,G. Yabusele,,,Missed,,7.78,,,,,,,,,,,,,
360,PT09M47.00S,2025-03-16T18:22:34.8Z,3,REGULAR,rebound,defensive,[],1629023,,,1610612742,68,70,2025-03-16T18:22:42Z,3600000,False,,,0,,P. Washington REBOUND (Off:1 Def:6),[1629023],1610612742.0,DAL,,,,,,,In The Paint (Non-RA),0-8 Center,,,,Washington,P. Washington,,,,,,359.0,7.0,6.0,1.0,,,,,,,,,
361,PT09M39.00S,2025-03-16T18:22:42.3Z,3,REGULAR,2pt,Jump Shot,['pointsinthepaint'],1629023,10.64388961892247,55.29258578431373,1610612742,70,70,2025-03-16T18:22:53Z,3610000,False,-26.0,48.0,1,left,P. Washington driving floating Jump Shot (22 PTS) (N. Marshall 4 AST),"[1629023, 1630230]",1610612742.0,DAL,driving floating,,,,,,In The Paint (Non-RA),0-8 Center,,,,Washington,P. Washington,,,Made,22.0,5.45,,,,,N. Marshall,1630230.0,4.0,,,,,,
363,PT09M17.00S,2025-03-16T18:23:04.2Z,3,REGULAR,turnover,lost ball,[],1642348,,,1610612755,70,70,2025-03-16T18:23:07Z,3630000,False,,,0,,J. Edwards lost ball TURNOVER (1 TO),"[1642348, 1630230]",1610612755.0,PHI,,,,,,,Mid-Range,16-24 Left,,,,Edwards,J. Edwards,,,,,,,,,,,,,,,1.0,Marshall,1630230.0,
364,PT09M17.00S,2025-03-16T18:23:04.2Z,3,REGULAR,steal,,[],1630230,,,1610612742,70,70,2025-03-16T18:23:05Z,3640000,False,,,0,,N. Marshall STEAL (1 STL),[1630230],1610612742.0,DAL,,,,,,,Mid-Range,16-24 Left,,,,Marshall,N. Marshall,,,,,,,,,,,,,,,,,,
365,PT09M12.00S,2025-03-16T18:23:10.0Z,3,REGULAR,2pt,Jump Shot,"['pointsinthepaint', 'fromturnover', 'fastbreak']",1630230,11.908672798948752,41.66666666666667,1610612742,70,70,2025-03-16T18:23:22Z,3650000,False,42.0,59.0,1,left,MISS N. Marshall 7' running pullup Shot - blocked,"[1630230, 1642348]",1610612742.0,DAL,running pullup,,,,,,In The Paint (Non-RA),0-8 Center,,,,Marshall,N. Marshall,,,Missed,,7.26,,,,,,,,Edwards,1642348.0,,,,
366,PT09M12.00S,2025-03-16T18:23:10.0Z,3,REGULAR,block,,[],1642348,,,1610612742,70,70,2025-03-16T18:23:11Z,3660000,False,,,0,,J. Edwards BLOCK (1 BLK),[1642348],1610612755.0,PHI,,,,,,,In The Paint (Non-RA),0-8 Center,,,,Edwards,J. Edwards,,,,,,,,,,,,,,,,,,
367,PT09M11.00S,2025-03-16T18:23:11.0Z,3,REGULAR,rebound,defensive,[],1641741,,,1610612755,70,70,2025-03-16T18:23:22Z,3670000,False,,,0,,R. Council IV REBOUND (Off:0 Def:6),[1641741],1610612755.0,PHI,,,,,,,In The Paint (Non-RA),0-8 Center,,,,Council IV,R. Council IV,,,,,,365.0,6.0,6.0,0.0,,,,,,,,,
368,PT09M11.00S,2025-03-16T18:23:13.3Z,3,REGULAR,foul,personal,[],1630230,,,1610612755,70,70,2025-03-16T18:23:34Z,3680000,False,,,0,,N. Marshall personal FOUL (1 PF),"[1630230, 1641741]",1610612742.0,DAL,,,,,,,In The Paint (Non-RA),8-16 Right,1155.0,1.0,0.0,Marshall,N. Marshall,Council IV,1641741.0,,,,,,,,,,,,,,,,
370,PT09M02.00S,2025-03-16T18:23:39.1Z,3,REGULAR,foul,offensive,[],1627824,,,1610612755,70,70,2025-03-16T18:23:49Z,3700000,False,,,0,,G. Yabusele off-the-ball offensive FOUL (1 PF),"[1627824, 1630314]",1610612755.0,PHI,off-the-ball,,,,,,Mid-Range,16-24 Left Center,2530.0,1.0,0.0,Yabusele,G. Yabusele,Williams,1630314.0,,,,,,,,,,,,,,,,
372,PT09M02.00S,2025-03-16T18:23:39.1Z,3,REGULAR,turnover,offensive foul,[],1627824,,,1610612755,70,70,2025-03-16T18:23:39Z,3720000,False,,,0,,G. Yabusele offensive foul TURNOVER (2 TO),[1627824],1610612755.0,PHI,,,,,,,Mid-Range,16-24 Left Center,2530.0,,,Yabusele,G. Yabusele,,,,,,,,,,,,,,,2.0,,,
373,PT08M54.00S,2025-03-16T18:24:03.2Z,3,REGULAR,3pt,Jump Shot,['fromturnover'],202691,26.231931668856767,80.14705882352942,1610612742,73,70,2025-03-16T18:24:08Z,3730000,False,-151.0,194.0,1,left,K. Thompson 24' 3PT  (11 PTS) (K. Edwards 1 AST),"[202691, 1630556]",1610612742.0,DAL,,,,,,,Above the Break 3,24+ Left Center,,,,Thompson,K. Thompson,,,Made,11.0,24.57,,,,,K. Edwards,1630556.0,1.0,,,,,,
375,PT08M38.00S,2025-03-16T18:24:18.5Z,3,REGULAR,2pt,Jump Shot,['pointsinthepaint'],1630215,88.78120893561103,61.029411764705884,1610612755,73,70,2025-03-16T18:24:23Z,3750000,False,55.0,53.0,1,right,MISS J. Butler 7' driving floating bank Shot,[1630215],1610612755.0,PHI,driving floating bank,,,,,,In The Paint (Non-RA),0-8 Center,,,,Butler,J. Butler,,,Missed,,7.65,,,,,,,,,,,,,
376,PT08M36.00S,2025-03-16T18:24:20.9Z,3,REGULAR,rebound,defensive,[],1629023,,,1610612742,73,70,2025-03-16T18:24:20Z,3760000,False,,,0,,P. Washington REBOUND (Off:1 Def:7),[1629023],1610612742.0,DAL,,,,,,,In The Paint (Non-RA),0-8 Center,,,,Washington,P. Washington,,,,,,375.0,8.0,7.0,1.0,,,,,,,,,
378,PT08M32.00S,2025-03-16T18:24:24.7Z,3,REGULAR,2pt,DUNK,"['pointsinthepaint', 'fastbreak']",1630230,6.389618922470433,48.77450980392157,1610612742,73,70,2025-03-16T18:24:32Z,3780000,False,6.0,8.0,1,left,MISS N. Marshall running DUNK,[1630230],1610612742.0,DAL,running,,,,,,Restricted Area,0-8 Center,,,,Marshall,N. Marshall,,,Missed,,0.97,,,,,,,,,,,,,
379,PT08M29.00S,2025-03-16T18:24:27.7Z,3,REGULAR,rebound,defensive,[],1627824,,,1610612755,73,70,2025-03-16T18:24:32Z,3790000,False,,,0,,G. Yabusele REBOUND (Off:0 Def:4),[1627824],1610612755.0,PHI,,,,,,,Restricted Area,0-8 Center,,,,Yabusele,G. Yabusele,,,,,,378.0,4.0,4.0,0.0,,,,,,,,,
380,PT08M25.00S,2025-03-16T18:24:31.8Z,3,REGULAR,2pt,Layup,"['fastbreak', 'pointsinthepaint']",1642348,90.75229960578186,51.9607843137255,1610612755,73,72,2025-03-16T18:25:26Z,3800000,False,10.0,34.0,1,right,J. Edwards running finger roll Layup (8 PTS),[1642348],1610612755.0,PHI,running finger roll,,,,,,Restricted Area,0-8 Center,,,,Edwards,J. Edwards,,,Made,8.0,3.58,,,,,,,,,,,,,
381,PT08M09.00S,2025-03-16T18:24:48.4Z,3,REGULAR,3pt,Jump Shot,[],202691,26.49474375821288,17.892156862745097,1610612742,73,72,2025-03-16T18:24:54Z,3810000,False,161.0,197.0,1,left,MISS K. Thompson 25' 3PT,[202691],1610612742.0,DAL,,,,,,,Above the Break 3,24+ Right Center,,,,Thompson,K. Thompson,,,Missed,,25.38,,,,,,,,,,,,,
382,PT08M06.00S,2025-03-16T18:24:51.4Z,3,REGULAR,rebound,offensive,[],1629023,,,1610612742,73,72,2025-03-16T18:24:54Z,3820000,False,,,0,,P. Washington REBOUND (Off:2 Def:7),[1629023],1610612742.0,DAL,,,,,,,Above the Break 3,24+ Right Center,,,,Washington,P. Washington,,,,,,381.0,9.0,7.0,2.0,,,,,,,,,
383,PT08M04.00S,2025-03-16T18:24:53.2Z,3,REGULAR,foul,personal,['2freethrow'],1642348,,,1610612742,73,72,2025-03-16T18:24:59Z,3830000,False,,,0,,J. Edwards shooting personal FOUL (3 PF) (Washington 2 FT),"[1642348, 1629023]",1610612755.0,PHI,shooting,,,,,,In The Paint (Non-RA),0-8 Center,1155.0,3.0,0.0,Edwards,J. Edwards,Washington,1629023.0,,,,,,,,,,,,,,,,
385,PT08M04.00S,2025-03-16T18:25:27.1Z,3,REGULAR,freethrow,1 of 2,['2ndchance'],1629023,,,1610612742,74,72,2025-03-16T18:26:05Z,3850000,False,,,0,,P. Washington Free Throw 1 of 2 (23 PTS),[1629023],1610612742.0,DAL,,,,,,,,,,,,Washington,P. Washington,,,Made,23.0,,,,,,,,,,,,,,
386,PT08M04.00S,2025-03-16T18:25:27.6Z,3,REGULAR,substitution,out,[],1630230,,,1610612742,74,72,2025-03-16T18:25:32Z,3860000,False,,,0,,SUB out: N. Marshall,[1630230],1610612742.0,DAL,,,,,,,,,,,,Marshall,N. Marshall,,,,,,,,,,,,,,,,,,
387,PT08M04.00S,2025-03-16T18:25:27.6Z,3,REGULAR,substitution,in,[],203915,,,1610612742,74,72,2025-03-16T18:25:32Z,3870000,False,,,0,,SUB in: S. Dinwiddie,[203915],1610612742.0,DAL,,,,,,,,,,,,Dinwiddie,S. Dinwiddie,,,,,,,,,,,,,,,,,,
388,PT08M04.00S,2025-03-16T18:25:27.1Z,3,REGULAR,freethrow,2 of 2,['2ndchance'],1629023,,,1610612742,74,72,2025-03-16T18:26:05Z,3880000,False,,,0,,MISS P. Washington Free Throw 2 of 2,[1629023],1610612742.0,DAL,,,,,,,,,,,,Washington,P. Washington,,,Missed,,,,,,,,,,,,,,,
389,PT08M03.00S,2025-03-16T18:25:28.1Z,3,REGULAR,rebound,defensive,[],1641741,,,1610612755,74,72,2025-03-16T18:26:12Z,3890000,False,,,0,,R. Council IV REBOUND (Off:0 Def:7),[1641741],1610612755.0,PHI,,,,,,,,,,,,Council IV,R. Council IV,,,,,,388.0,7.0,7.0,0.0,,,,,,,,,
390,PT07M54.00S,2025-03-16T18:26:03.5Z,3,REGULAR,2pt,Layup,['pointsinthepaint'],1629656,90.09526938239159,54.166666666666664,1610612755,74,72,2025-03-16T18:26:18Z,3900000,False,21.0,41.0,1,right,MISS Q. Grimes driving Layup - blocked,"[1629656, 1630314]",1610612755.0,PHI,driving,,,,,,In The Paint (Non-RA),0-8 Center,,,,Grimes,Q. Grimes,,,Missed,,4.56,,,,,,,,Williams,1630314.0,,,,
391,PT07M54.00S,2025-03-16T18:26:03.5Z,3,REGULAR,block,,[],1630314,,,1610612755,74,72,2025-03-16T18:26:05Z,3910000,False,,,0,,B. Williams BLOCK (1 BLK),[1630314],1610612742.0,DAL,,,,,,,In The Paint (Non-RA),0-8 Center,,,,Williams,B. Williams,,,,,,,,,,,,,,,,,,
392,PT07M53.00S,2025-03-16T18:26:04.5Z,3,REGULAR,rebound,offensive,['team'],0,,,1610612755,74,72,2025-03-16T18:26:18Z,3920000,False,,,0,,TEAM offensive REBOUND,[],1610612755.0,PHI,,,,,,,In The Paint (Non-RA),0-8 Center,,,,,,,,,,,390.0,,,,,,,,,,,,
394,PT07M47.00S,2025-03-16T18:26:23.6Z,3,REGULAR,3pt,Jump Shot,['2ndchance'],1629656,87.46714848883047,97.30392156862744,1610612755,74,72,2025-03-16T18:26:45Z,3940000,False,237.0,65.0,1,right,MISS Q. Grimes 24' pullup 3PT,[1629656],1610612755.0,PHI,pullup,,,,,,Right Corner 3,24+ Right,,,,Grimes,Q. Grimes,,,Missed,,24.53,,,,,,,,,,,,,
395,PT07M43.00S,2025-03-16T18:26:27.6Z,3,REGULAR,rebound,offensive,[],1641741,,,1610612755,74,72,2025-03-16T18:26:29Z,3950000,False,,,0,,R. Council IV REBOUND (Off:1 Def:7),[1641741],1610612755.0,PHI,,,,,,,Right Corner 3,24+ Right,,,,Council IV,R. Council IV,,,,,,394.0,8.0,7.0,1.0,,,,,,,,,
396,PT07M41.00S,2025-03-16T18:26:29.8Z,3,REGULAR,2pt,DUNK,"['pointsinthepaint', '2ndchance']",1641741,94.03745072273325,50.49019607843137,1610612755,74,74,2025-03-16T18:27:06Z,3960000,False,2.0,4.0,1,right,R. Council IV driving DUNK (8 PTS),[1641741],1610612755.0,PHI,driving,,,,,,Restricted Area,0-8 Center,,,,Council IV,R. Council IV,,,Made,8.0,0.43,,,,,,,,,,,,,
397,PT07M25.00S,2025-03-16T18:26:45.5Z,3,REGULAR,turnover,bad pass,[],1630314,,,1610612742,74,74,2025-03-16T18:26:49Z,3970000,False,,,0,,B. Williams bad pass TURNOVER (3 TO),"[1630314, 1627824]",1610612742.0,DAL,,,,,,,Above the Break 3,24+ Center,,,,Williams,B. Williams,,,,,,,,,,,,,,,3.0,Yabusele,1627824.0,
398,PT07M25.00S,2025-03-16T18:26:45.5Z,3,REGULAR,steal,,[],1627824,,,1610612755,74,74,2025-03-16T18:26:46Z,3980000,False,,,0,,G. Yabusele STEAL (2 STL),[1627824],1610612755.0,PHI,,,,,,,Above the Break 3,24+ Center,,,,Yabusele,G. Yabusele,,,,,,,,,,,,,,,,,,
399,PT07M21.00S,2025-03-16T18:26:49.0Z,3,REGULAR,2pt,Layup,"['fastbreak', 'pointsinthepaint', 'fromturnover']",1630215,93.11760840998686,52.69607843137255,1610612755,74,76,2025-03-16T18:27:27Z,3990000,False,13.0,12.0,1,right,J. Butler running finger roll Layup (6 PTS) (G. Yabusele 1 AST),"[1630215, 1627824]",1610612755.0,PHI,running finger roll,,,,,,Restricted Area,0-8 Center,,,,Butler,J. Butler,,,Made,6.0,1.82,,,,,G. Yabusele,1627824.0,1.0,,,,,,
401,PT07M00.00S,2025-03-16T18:27:11.0Z,3,REGULAR,foul,personal,['2freethrow'],1627824,,,1610612742,74,76,2025-03-16T18:28:21Z,4002500,False,,,0,,G. Yabusele shooting personal FOUL (2 PF) (Washington 2 FT),"[1627824, 1629023]",1610612755.0,PHI,shooting,,,,,,Restricted Area,0-8 Center,1155.0,2.0,0.0,Yabusele,G. Yabusele,Washington,1629023.0,,,,,,,,,,,,,,,,
404,PT07M00.00S,2025-03-16T18:27:42.8Z,3,REGULAR,substitution,out,[],1630556,,,1610612742,74,76,2025-03-16T18:27:49Z,4005000,False,,,0,,SUB out: K. Edwards,[1630556],1610612742.0,DAL,,,,,,,,,,,,Edwards,K. Edwards,,,,,,,,,,,,,,,,,,
405,PT07M00.00S,2025-03-16T18:27:42.8Z,3,REGULAR,substitution,in,[],203939,,,1610612742,74,76,2025-03-16T18:27:49Z,4007500,False,,,0,,SUB in: D. Powell,[203939],1610612742.0,DAL,,,,,,,,,,,,Powell,D. Powell,,,,,,,,,,,,,,,,,,
403,PT07M00.00S,2025-03-16T18:27:43.4Z,3,REGULAR,freethrow,1 of 2,[],1629023,,,1610612742,75,76,2025-03-16T18:28:42Z,4030000,False,,,0,,P. Washington Free Throw 1 of 2 (24 PTS),[1629023],1610612742.0,DAL,,,,,,,,,,,,Washington,P. Washington,,,Made,24.0,,,,,,,,,,,,,,
406,PT07M00.00S,2025-03-16T18:27:43.4Z,3,REGULAR,freethrow,2 of 2,[],1629023,,,1610612742,76,76,2025-03-16T18:28:42Z,4060000,False,,,0,,P. Washington Free Throw 2 of 2 (25 PTS),[1629023],1610612742.0,DAL,,,,,,,,,,,,Washington,P. Washington,,,Made,25.0,,,,,,,,,,,,,,
407,PT06M43.00S,2025-03-16T18:28:20.6Z,3,REGULAR,3pt,Jump Shot,[],1630215,64.73390275952694,47.05882352941176,1610612755,76,76,2025-03-16T18:28:26Z,4070000,False,-15.0,279.0,1,right,MISS J. Butler 27' 3PT,[1630215],1610612755.0,PHI,,,,,,,Above the Break 3,24+ Center,,,,Butler,J. Butler,,,Missed,,27.94,,,,,,,,,,,,,
408,PT06M41.00S,2025-03-16T18:28:22.6Z,3,REGULAR,rebound,offensive,[],1627824,,,1610612755,76,76,2025-03-16T18:29:02Z,4080000,False,,,0,,G. Yabusele REBOUND (Off:1 Def:4),[1627824],1610612755.0,PHI,,,,,,,Above the Break 3,24+ Center,,,,Yabusele,G. Yabusele,,,,,,407.0,5.0,4.0,1.0,,,,,,,,,
409,PT06M41.00S,2025-03-16T18:28:25.1Z,3,REGULAR,2pt,DUNK,"['2ndchance', 'pointsinthepaint']",1627824,94.40999984741211,50.0,1610612755,76,78,2025-03-16T18:29:06Z,4090000,False,0.0,0.0,1,right,G. Yabusele tip DUNK (9 PTS),[1627824],1610612755.0,PHI,tip,,,,,,Restricted Area,0-8 Center,,,,Yabusele,G. Yabusele,,,Made,9.0,0.0,,,,,,,,,,,,,
410,PT06M13.00S,2025-03-16T18:28:52.9Z,3,REGULAR,3pt,Jump Shot,[],203915,11.251642575558476,3.9215686274509802,1610612742,76,78,2025-03-16T18:29:45Z,4100000,False,230.0,53.0,1,left,MISS S. Dinwiddie 3PT,[203915],1610612742.0,DAL,,,,,,,Right Corner 3,24+ Right,,,,Dinwiddie,S. Dinwiddie,,,Missed,,23.65,,,,,,,,,,,,,
411,PT06M11.00S,2025-03-16T18:28:54.9Z,3,REGULAR,rebound,defensive,[],1641741,,,1610612755,76,78,2025-03-16T18:29:45Z,4110000,False,,,0,,R. Council IV REBOUND (Off:1 Def:8),[1641741],1610612755.0,PHI,,,,,,,Right Corner 3,24+ Right,,,,Council IV,R. Council IV,,,,,,410.0,9.0,8.0,1.0,,,,,,,,,
412,PT05M57.00S,2025-03-16T18:29:07.9Z,3,REGULAR,foul,personal,['2freethrow'],203939,,,1610612755,76,78,2025-03-16T18:32:06Z,4120000,False,,,0,,D. Powell shooting personal FOUL (2 PF) (Grimes 2 FT),"[203939, 1629656]",1610612742.0,DAL,shooting,,,,,,In The Paint (Non-RA),0-8 Center,1155.0,2.0,0.0,Powell,D. Powell,Grimes,1629656.0,,,,,,,,,,,,,,,,
414,PT05M57.00S,2025-03-16T18:29:16.6Z,3,REGULAR,timeout,full,"['team', 'mandatory']",0,,,1610612755,76,78,2025-03-16T18:29:16Z,4140000,False,,,0,,DAL Timeout,[],1610612742.0,DAL,,,,,,,,,,,,,,,,,,,,,,,,,,,,,,,
415,PT05M57.00S,2025-03-16T18:29:18.3Z,3,REGULAR,substitution,out,[],1629023,,,1610612755,76,78,2025-03-16T18:32:05Z,4150000,False,,,0,,SUB out: P. Washington,[1629023],1610612742.0,DAL,,,,,,,,,,,,Washington,P. Washington,,,,,,,,,,,,,,,,,,
416,PT05M57.00S,2025-03-16T18:29:18.3Z,3,REGULAR,substitution,in,[],1631108,,,1610612755,76,78,2025-03-16T18:32:05Z,4160000,False,,,0,,SUB in: M. Christie,[1631108],1610612742.0,DAL,,,,,,,,,,,,Christie,M. Christie,,,,,,,,,,,,,,,,,,
417,PT05M57.00S,2025-03-16T18:32:25.6Z,3,REGULAR,freethrow,1 of 2,[],1629656,,,1610612755,76,79,2025-03-16T18:32:25Z,4170000,False,,,0,,Q. Grimes Free Throw 1 of 2 (15 PTS),[1629656],1610612755.0,PHI,,,,,,,,,,,,Grimes,Q. Grimes,,,Made,15.0,,,,,,,,,,,,,,
418,PT05M57.00S,2025-03-16T18:32:42.9Z,3,REGULAR,freethrow,2 of 2,[],1629656,,,1610612755,76,80,2025-03-16T18:32:42Z,4180000,False,,,0,,Q. Grimes Free Throw 2 of 2 (16 PTS),[1629656],1610612755.0,PHI,,,,,,,,,,,,Grimes,Q. Grimes,,,Made,16.0,,,,,,,,,,,,,,
419,PT05M41.00S,2025-03-16T18:33:01.1Z,3,REGULAR,3pt,Jump Shot,[],1631108,23.603810775295663,87.00980392156863,1610612742,76,80,2025-03-16T18:33:20Z,4190000,False,-185.0,169.0,1,left,MISS M. Christie 25' 3PT,[1631108],1610612742.0,DAL,,,,,,,Above the Break 3,24+ Left Center,,,,Christie,M. Christie,,,Missed,,25.08,,,,,,,,,,,,,
420,PT05M37.00S,2025-03-16T18:33:05.1Z,3,REGULAR,rebound,defensive,[],1629656,,,1610612755,76,80,2025-03-16T18:33:06Z,4200000,False,,,0,,Q. Grimes REBOUND (Off:0 Def:2),[1629656],1610612755.0,PHI,,,,,,,Above the Break 3,24+ Left Center,,,,Grimes,Q. Grimes,,,,,,419.0,2.0,2.0,0.0,,,,,,,,,
421,PT05M25.00S,2025-03-16T18:33:16.6Z,3,REGULAR,2pt,Layup,['pointsinthepaint'],1627824,93.77463863337714,51.470588235294116,1610612755,76,82,2025-03-16T18:33:24Z,4210000,False,7.0,6.0,1,right,G. Yabusele driving reverse Layup (11 PTS),[1627824],1610612755.0,PHI,driving reverse,,,,,,Restricted Area,0-8 Center,,,,Yabusele,G. Yabusele,,,Made,11.0,0.95,,,,,,,,,,,,,
422,PT05M16.00S,2025-03-16T18:33:27.1Z,3,REGULAR,foul,personal,[],1627824,,,1610612742,76,82,2025-03-16T18:34:03Z,4220000,False,,,0,,G. Yabusele personal FOUL (3 PF),"[1627824, 1630314]",1610612755.0,PHI,,,,,,,Mid-Range,16-24 Right Center,2530.0,3.0,0.0,Yabusele,G. Yabusele,Williams,1630314.0,,,,,,,,,,,,,,,,
424,PT05M16.00S,2025-03-16T18:33:39.0Z,3,REGULAR,substitution,out,[],202691,,,1610612742,76,82,2025-03-16T18:33:41Z,4240000,False,,,0,,SUB out: K. Thompson,[202691],1610612742.0,DAL,,,,,,,,,,,,Thompson,K. Thompson,,,,,,,,,,,,,,,,,,
425,PT05M16.00S,2025-03-16T18:33:39.0Z,3,REGULAR,substitution,in,[],1630230,,,1610612742,76,82,2025-03-16T18:33:41Z,4250000,False,,,0,,SUB in: N. Marshall,[1630230],1610612742.0,DAL,,,,,,,,,,,,Marshall,N. Marshall,,,,,,,,,,,,,,,,,,
426,PT05M07.00S,2025-03-16T18:34:00.9Z,3,REGULAR,3pt,Jump Shot,[],1631108,5.650459921156373,96.59160539215686,1610612742,79,82,2025-03-16T18:34:07Z,4260000,False,-233.0,1.0,1,left,M. Christie 3PT  (11 PTS) (N. Marshall 5 AST),"[1631108, 1630230]",1610612742.0,DAL,,,,,,,Left Corner 3,24+ Left,,,,Christie,M. Christie,,,Made,11.0,23.3,,,,,N. Marshall,1630230.0,5.0,,,,,,
428,PT04M42.00S,2025-03-16T18:34:27.9Z,3,REGULAR,2pt,Layup,['pointsinthepaint'],1629656,92.37844940867281,45.48866421568628,1610612755,79,84,2025-03-16T18:34:33Z,4280000,False,-23.0,19.0,1,right,Q. Grimes driving reverse Layup (18 PTS),[1629656],1610612755.0,PHI,driving reverse,,,,,,Restricted Area,0-8 Center,,,,Grimes,Q. Grimes,,,Made,18.0,2.96,,,,,,,,,,,,,
429,PT04M42.00S,2025-03-16T18:34:29.8Z,3,REGULAR,foul,personal,['1freethrow'],1630230,,,1610612755,79,84,2025-03-16T18:34:39Z,4290000,False,,,0,,N. Marshall shooting personal FOUL (2 PF) (Grimes 1 FT),"[1630230, 1629656]",1610612742.0,DAL,shooting,,,,,,Restricted Area,0-8 Center,2530.0,2.0,0.0,Marshall,N. Marshall,Grimes,1629656.0,,,,,,,,,,,,,,,,
431,PT04M42.00S,2025-03-16T18:34:41.0Z,3,REGULAR,substitution,out,[],1641741,,,1610612755,79,84,2025-03-16T18:35:12Z,4310000,False,,,0,,SUB out: R. Council IV,[1641741],1610612755.0,PHI,,,,,,,,,,,,Council IV,R. Council IV,,,,,,,,,,,,,,,,,,
432,PT04M42.00S,2025-03-16T18:34:41.0Z,3,REGULAR,substitution,out,[],1642348,,,1610612755,79,84,2025-03-16T18:35:12Z,4320000,False,,,0,,SUB out: J. Edwards,[1642348],1610612755.0,PHI,,,,,,,,,,,,Edwards,J. Edwards,,,,,,,,,,,,,,,,,,
433,PT04M42.00S,2025-03-16T18:34:41.0Z,3,REGULAR,substitution,in,[],1641720,,,1610612755,79,84,2025-03-16T18:35:12Z,4330000,False,,,0,,SUB in: J. Hood-Schifino,[1641720],1610612755.0,PHI,,,,,,,,,,,,Hood-Schifino,J. Hood-Schifino,,,,,,,,,,,,,,,,,,
434,PT04M42.00S,2025-03-16T18:34:41.0Z,3,REGULAR,substitution,in,[],1629052,,,1610612755,79,84,2025-03-16T18:35:12Z,4340000,False,,,0,,SUB in: O. Brissett,[1629052],1610612755.0,PHI,,,,,,,,,,,,Brissett,O. Brissett,,,,,,,,,,,,,,,,,,
435,PT04M42.00S,2025-03-16T18:35:08.9Z,3,REGULAR,freethrow,1 of 1,[],1629656,,,1610612755,79,84,2025-03-16T18:35:08Z,4350000,False,,,0,,MISS Q. Grimes Free Throw 1 of 1,[1629656],1610612755.0,PHI,,,,,,,,,,,,Grimes,Q. Grimes,,,Missed,,,,,,,,,,,,,,,
436,PT04M41.00S,2025-03-16T18:35:09.9Z,3,REGULAR,rebound,offensive,['team'],0,,,1610612755,79,84,2025-03-16T18:35:14Z,4360000,False,,,0,,TEAM offensive REBOUND,[],1610612755.0,PHI,,,,,,,,,,,,,,,,,,,435.0,,,,,,,,,,,,
438,PT04M35.00S,2025-03-16T18:35:32.4Z,3,REGULAR,3pt,Jump Shot,['2ndchance'],1630215,93.38042049934296,5.147058823529411,1610612755,79,84,2025-03-16T18:35:37Z,4380000,False,-224.0,10.0,1,right,MISS J. Butler 3PT,[1630215],1610612755.0,PHI,,,,,,,Left Corner 3,24+ Left,,,,Butler,J. Butler,,,Missed,,22.45,,,,,,,,,,,,,
439,PT04M31.00S,2025-03-16T18:35:36.4Z,3,REGULAR,rebound,defensive,[],1630230,,,1610612742,79,84,2025-03-16T18:35:37Z,4390000,False,,,0,,N. Marshall REBOUND (Off:1 Def:4),[1630230],1610612742.0,DAL,,,,,,,Left Corner 3,24+ Left,,,,Marshall,N. Marshall,,,,,,438.0,5.0,4.0,1.0,,,,,,,,,
440,PT04M24.00S,2025-03-16T18:35:43.2Z,3,REGULAR,turnover,lost ball,[],1631108,,,1610612742,79,84,2025-03-16T18:35:46Z,4400000,False,,,0,,M. Christie lost ball TURNOVER (2 TO),"[1631108, 1630215]",1610612742.0,DAL,,,,,,,In The Paint (Non-RA),8-16 Center,,,,Christie,M. Christie,,,,,,,,,,,,,,,2.0,Butler,1630215.0,
441,PT04M24.00S,2025-03-16T18:35:43.2Z,3,REGULAR,steal,,[],1630215,,,1610612755,79,84,2025-03-16T18:37:42Z,4410000,False,,,0,,J. Butler STEAL (1 STL),[1630215],1610612755.0,PHI,,,,,,,In The Paint (Non-RA),8-16 Center,,,,Butler,J. Butler,,,,,,,,,,,,,,,,,,
442,PT04M18.00S,2025-03-16T18:35:49.8Z,3,REGULAR,3pt,Jump Shot,"['fastbreak', 'fromturnover']",1627824,73.9323258869908,18.137254901960784,1610612755,79,87,2025-03-16T18:36:53Z,4420000,False,-159.0,193.0,1,right,G. Yabusele 24' 3PT running (14 PTS) (J. Butler 7 AST),"[1627824, 1630215]",1610612755.0,PHI,running,,,,,,Above the Break 3,24+ Left Center,,,,Yabusele,G. Yabusele,,,Made,14.0,24.99,,,,,J. Butler,1630215.0,7.0,,,,,,
444,PT03M55.00S,2025-03-16T18:36:14.6Z,3,REGULAR,foul,personal,['2freethrow'],1627824,,,1610612742,79,87,2025-03-16T18:36:22Z,4440000,False,,,0,,G. Yabusele shooting personal FOUL (4 PF) (Marshall 2 FT),"[1627824, 1630230]",1610612755.0,PHI,shooting,,,,,,Restricted Area,0-8 Center,1155.0,4.0,0.0,Yabusele,G. Yabusele,Marshall,1630230.0,,,,,,,,,,,,,,,,
446,PT03M55.00S,2025-03-16T18:36:41.1Z,3,REGULAR,freethrow,1 of 2,[],1630230,,,1610612742,80,87,2025-03-16T18:36:41Z,4460000,False,,,0,,N. Marshall Free Throw 1 of 2 (14 PTS),[1630230],1610612742.0,DAL,,,,,,,,,,,,Marshall,N. Marshall,,,Made,14.0,,,,,,,,,,,,,,
447,PT03M55.00S,2025-03-16T18:36:41.9Z,3,REGULAR,substitution,out,[],203939,,,1610612742,80,87,2025-03-16T18:36:52Z,4470000,False,,,0,,SUB out: D. Powell,[203939],1610612742.0,DAL,,,,,,,,,,,,Powell,D. Powell,,,,,,,,,,,,,,,,,,
448,PT03M55.00S,2025-03-16T18:36:41.9Z,3,REGULAR,substitution,out,[],1630215,,,1610612742,80,87,2025-03-16T18:36:52Z,4480000,False,,,0,,SUB out: J. Butler,[1630215],1610612755.0,PHI,,,,,,,,,,,,Butler,J. Butler,,,,,,,,,,,,,,,,,,
449,PT03M55.00S,2025-03-16T18:36:41.9Z,3,REGULAR,substitution,out,[],1627824,,,1610612742,80,87,2025-03-16T18:36:52Z,4490000,False,,,0,,SUB out: G. Yabusele,[1627824],1610612755.0,PHI,,,,,,,,,,,,Yabusele,G. Yabusele,,,,,,,,,,,,,,,,,,
450,PT03M55.00S,2025-03-16T18:36:41.9Z,3,REGULAR,substitution,in,[],1630556,,,1610612742,80,87,2025-03-16T18:36:52Z,4500000,False,,,0,,SUB in: K. Edwards,[1630556],1610612742.0,DAL,,,,,,,,,,,,Edwards,K. Edwards,,,,,,,,,,,,,,,,,,
451,PT03M55.00S,2025-03-16T18:36:41.9Z,3,REGULAR,substitution,in,[],1642024,,,1610612742,80,87,2025-03-16T18:36:52Z,4510000,False,,,0,,SUB in: A. Reese,[1642024],1610612755.0,PHI,,,,,,,,,,,,Reese,A. Reese,,,,,,,,,,,,,,,,,,
452,PT03M55.00S,2025-03-16T18:36:41.9Z,3,REGULAR,substitution,in,[],1630288,,,1610612742,80,87,2025-03-16T18:36:52Z,4520000,False,,,0,,SUB in: J. Dowtin Jr.,[1630288],1610612755.0,PHI,,,,,,,,,,,,Dowtin Jr.,J. Dowtin Jr.,,,,,,,,,,,,,,,,,,
453,PT03M55.00S,2025-03-16T18:37:02.6Z,3,REGULAR,freethrow,2 of 2,[],1630230,,,1610612742,81,87,2025-03-16T18:37:02Z,4530000,False,,,0,,N. Marshall Free Throw 2 of 2 (15 PTS),[1630230],1610612742.0,DAL,,,,,,,,,,,,Marshall,N. Marshall,,,Made,15.0,,,,,,,,,,,,,,
454,PT03M45.00S,2025-03-16T18:37:15.2Z,3,REGULAR,foul,personal,[],1630556,,,1610612755,81,87,2025-03-16T18:37:18Z,4540000,False,,,0,,K. Edwards personal FOUL (3 PF),"[1630556, 1629656]",1610612742.0,DAL,,,,,,,Mid-Range,16-24 Left Center,2530.0,3.0,0.0,Edwards,K. Edwards,Grimes,1629656.0,,,,,,,,,,,,,,,,
456,PT03M37.00S,2025-03-16T18:37:36.8Z,3,REGULAR,3pt,Jump Shot,[],1641720,91.14651773981603,94.85294117647058,1610612755,81,87,2025-03-16T18:37:44Z,4560000,False,224.0,31.0,1,right,MISS J. Hood-Schifino 3PT,[1641720],1610612755.0,PHI,,,,,,,Right Corner 3,24+ Right,,,,Hood-Schifino,J. Hood-Schifino,,,Missed,,22.64,,,,,,,,,,,,,
457,PT03M34.00S,2025-03-16T18:37:39.9Z,3,REGULAR,rebound,defensive,[],1631108,,,1610612742,81,87,2025-03-16T18:37:39Z,4570000,False,,,0,,M. Christie REBOUND (Off:0 Def:6),[1631108],1610612742.0,DAL,,,,,,,Right Corner 3,24+ Right,,,,Christie,M. Christie,,,,,,456.0,6.0,6.0,0.0,,,,,,,,,
458,PT03M20.00S,2025-03-16T18:37:53.7Z,3,REGULAR,3pt,Jump Shot,[],1630314,17.95335085413929,95.34313725490196,1610612742,81,87,2025-03-16T18:37:59Z,4580000,False,-227.0,116.0,1,left,MISS B. Williams 25' 3PT,[1630314],1610612742.0,DAL,,,,,,,Above the Break 3,24+ Left Center,,,,Williams,B. Williams,,,Missed,,25.48,,,,,,,,,,,,,
459,PT03M17.00S,2025-03-16T18:37:56.7Z,3,REGULAR,rebound,defensive,[],1641720,,,1610612755,81,87,2025-03-16T18:37:59Z,4590000,False,,,0,,J. Hood-Schifino REBOUND (Off:0 Def:2),[1641720],1610612755.0,PHI,,,,,,,Above the Break 3,24+ Left Center,,,,Hood-Schifino,J. Hood-Schifino,,,,,,458.0,2.0,2.0,0.0,,,,,,,,,
460,PT03M08.00S,2025-03-16T18:38:06.2Z,3,REGULAR,2pt,Jump Shot,[],1629656,91.5407358738502,82.59803921568627,1610612755,81,87,2025-03-16T18:38:29Z,4600000,False,163.0,27.0,1,right,MISS Q. Grimes 16' step back Shot,[1629656],1610612755.0,PHI,step back,,,,,,Mid-Range,16-24 Right,,,,Grimes,Q. Grimes,,,Missed,,16.52,,,,,,,,,,,,,
461,PT03M04.00S,2025-03-16T18:38:10.2Z,3,REGULAR,rebound,offensive,[],1630288,,,1610612755,81,87,2025-03-16T18:38:12Z,4610000,False,,,0,,J. Dowtin Jr. REBOUND (Off:1 Def:0),[1630288],1610612755.0,PHI,,,,,,,Mid-Range,16-24 Right,,,,Dowtin Jr.,J. Dowtin Jr.,,,,,,460.0,1.0,0.0,1.0,,,,,,,,,
462,PT03M04.00S,2025-03-16T18:38:10.0Z,3,REGULAR,2pt,Layup,"['2ndchance', 'pointsinthepaint']",1630288,94.40999984741211,50.0,1610612755,81,89,2025-03-16T18:38:15Z,4620000,False,0.0,0.0,1,right,J. Dowtin Jr. tip Layup (8 PTS),[1630288],1610612755.0,PHI,tip,,,,,,Restricted Area,0-8 Center,,,,Dowtin Jr.,J. Dowtin Jr.,,,Made,8.0,0.0,,,,,,,,,,,,,
463,PT02M43.00S,2025-03-16T18:38:31.4Z,3,REGULAR,3pt,Jump Shot,[],1631108,19.004599211563733,93.13725490196079,1610612742,84,89,2025-03-16T18:38:35Z,4630000,False,-216.0,126.0,1,left,M. Christie 24' 3PT  (14 PTS) (S. Dinwiddie 4 AST),"[1631108, 203915]",1610612742.0,DAL,,,,,,,Above the Break 3,24+ Left Center,,,,Christie,M. Christie,,,Made,14.0,24.99,,,,,S. Dinwiddie,203915.0,4.0,,,,,,
465,PT02M27.00S,2025-03-16T18:38:47.6Z,3,REGULAR,2pt,Jump Shot,['pointsinthepaint'],1629656,89.83245729303549,45.588235294117645,1610612755,84,91,2025-03-16T18:38:51Z,4650000,False,-22.0,43.0,1,right,Q. Grimes driving floating Jump Shot (20 PTS),[1629656],1610612755.0,PHI,driving floating,,,,,,In The Paint (Non-RA),0-8 Center,,,,Grimes,Q. Grimes,,,Made,20.0,4.84,,,,,,,,,,,,,
466,PT02M18.00S,2025-03-16T18:38:56.8Z,3,REGULAR,turnover,lost ball,[],1631108,,,1610612742,84,91,2025-03-16T18:39:39Z,4660000,False,,,0,,M. Christie lost ball TURNOVER (3 TO),[1631108],1610612742.0,DAL,,,,,,,Above the Break 3,24+ Left Center,,,,Christie,M. Christie,,,,,,,,,,,,,,,3.0,,,
468,PT02M18.00S,2025-03-16T18:39:06.9Z,3,REGULAR,foul,personal,"['inpenalty', '2freethrow']",1631108,,,1610612755,84,91,2025-03-16T18:39:44Z,4680000,False,,,0,,M. Christie loose ball personal FOUL (1 PF) (Grimes 2 FT),"[1631108, 1629656]",1610612742.0,DAL,loose ball,,,,,,Above the Break 3,24+ Left Center,202056.0,1.0,0.0,Christie,M. Christie,Grimes,1629656.0,,,,,,,,,,,,,,,,
470,PT02M18.00S,2025-03-16T18:39:31.1Z,3,REGULAR,timeout,full,"['team', 'mandatory']",0,,,1610612755,84,91,2025-03-16T18:39:31Z,4700000,False,,,0,,PHI Timeout,[],1610612755.0,PHI,,,,,,,,,,,,,,,,,,,,,,,,,,,,,,,
471,PT02M18.00S,2025-03-16T18:39:47.5Z,3,REGULAR,substitution,out,[],1630314,,,1610612755,84,91,2025-03-16T18:41:59Z,4710000,False,,,0,,SUB out: B. Williams,[1630314],1610612742.0,DAL,,,,,,,,,,,,Williams,B. Williams,,,,,,,,,,,,,,,,,,
472,PT02M18.00S,2025-03-16T18:39:47.5Z,3,REGULAR,substitution,in,[],1629023,,,1610612755,84,91,2025-03-16T18:41:59Z,4720000,False,,,0,,SUB in: P. Washington,[1629023],1610612742.0,DAL,,,,,,,,,,,,Washington,P. Washington,,,,,,,,,,,,,,,,,,
473,PT02M18.00S,2025-03-16T18:42:15.7Z,3,REGULAR,freethrow,1 of 2,"['fromturnover', 'fastbreak']",1629656,,,1610612755,84,91,2025-03-16T18:43:03Z,4730000,False,,,0,,MISS Q. Grimes Free Throw 1 of 2,[1629656],1610612755.0,PHI,,,,,,,,,,,,Grimes,Q. Grimes,,,Missed,,,,,,,,,,,,,,,
474,PT02M18.00S,2025-03-16T18:42:15.7Z,3,REGULAR,rebound,offensive,"['team', 'deadball']",0,,,1610612755,84,91,2025-03-16T18:43:03Z,4740000,False,,,0,,TEAM offensive REBOUND,[],1610612755.0,PHI,,,,,,,,,,,,,,,,,,,473.0,,,,,,,,,,,,
475,PT02M18.00S,2025-03-16T18:42:15.7Z,3,REGULAR,freethrow,2 of 2,"['fromturnover', 'fastbreak']",1629656,,,1610612755,84,92,2025-03-16T18:43:03Z,4750000,False,,,0,,Q. Grimes Free Throw 2 of 2 (21 PTS),[1629656],1610612755.0,PHI,,,,,,,,,,,,Grimes,Q. Grimes,,,Made,21.0,,,,,,,,,,,,,,
476,PT02M02.00S,2025-03-16T18:42:47.8Z,3,REGULAR,2pt,Jump Shot,['pointsinthepaint'],203915,10.5946123521682,50.49019607843137,1610612742,84,92,2025-03-16T18:42:52Z,4760000,False,-2.0,47.0,1,left,MISS S. Dinwiddie driving floating Shot,[203915],1610612742.0,DAL,driving floating,,,,,,In The Paint (Non-RA),0-8 Center,,,,Dinwiddie,S. Dinwiddie,,,Missed,,4.72,,,,,,,,,,,,,
477,PT02M00.00S,2025-03-16T18:42:49.8Z,3,REGULAR,rebound,defensive,[],1630288,,,1610612755,84,92,2025-03-16T18:42:52Z,4770000,False,,,0,,J. Dowtin Jr. REBOUND (Off:1 Def:1),[1630288],1610612755.0,PHI,,,,,,,In The Paint (Non-RA),0-8 Center,,,,Dowtin Jr.,J. Dowtin Jr.,,,,,,476.0,2.0,1.0,1.0,,,,,,,,,
478,PT01M39.00S,2025-03-16T18:43:13.6Z,3,REGULAR,2pt,Jump Shot,[],1629656,88.30486202365309,68.65042892156863,1610612755,84,94,2025-03-16T18:43:51Z,4780000,False,93.0,57.0,1,right,Q. Grimes 10' driving floating bank Jump Shot (23 PTS),[1629656],1610612755.0,PHI,driving floating bank,,,,,,Mid-Range,8-16 Right,,,,Grimes,Q. Grimes,,,Made,23.0,10.95,,,,,,,,,,,,,
479,PT01M39.00S,2025-03-16T18:43:16.0Z,3,REGULAR,foul,personal,"['inpenalty', '1freethrow']",1630556,,,1610612755,84,94,2025-03-16T18:43:43Z,4790000,False,,,0,,K. Edwards shooting personal FOUL (4 PF) (Grimes 1 FT),"[1630556, 1629656]",1610612742.0,DAL,shooting,,,,,,Mid-Range,8-16 Right,2530.0,4.0,0.0,Edwards,K. Edwards,Grimes,1629656.0,,,,,,,,,,,,,,,,
481,PT01M39.00S,2025-03-16T18:43:21.5Z,3,REGULAR,substitution,out,[],1630556,,,1610612755,84,94,2025-03-16T18:43:43Z,4810000,False,,,0,,SUB out: K. Edwards,[1630556],1610612742.0,DAL,,,,,,,,,,,,Edwards,K. Edwards,,,,,,,,,,,,,,,,,,
482,PT01M39.00S,2025-03-16T18:43:21.5Z,3,REGULAR,substitution,out,[],1629052,,,1610612755,84,94,2025-03-16T18:43:43Z,4820000,False,,,0,,SUB out: O. Brissett,[1629052],1610612755.0,PHI,,,,,,,,,,,,Brissett,O. Brissett,,,,,,,,,,,,,,,,,,
483,PT01M39.00S,2025-03-16T18:43:21.5Z,3,REGULAR,substitution,in,[],1630314,,,1610612755,84,94,2025-03-16T18:43:43Z,4830000,False,,,0,,SUB in: B. Williams,[1630314],1610612742.0,DAL,,,,,,,,,,,,Williams,B. Williams,,,,,,,,,,,,,,,,,,
484,PT01M39.00S,2025-03-16T18:43:21.5Z,3,REGULAR,substitution,in,[],1629643,,,1610612755,84,94,2025-03-16T18:43:43Z,4840000,False,,,0,,SUB in: C. Okeke,[1629643],1610612755.0,PHI,,,,,,,,,,,,Okeke,C. Okeke,,,,,,,,,,,,,,,,,,
485,PT01M39.00S,2025-03-16T18:43:49.9Z,3,REGULAR,freethrow,1 of 1,[],1629656,,,1610612755,84,94,2025-03-16T18:43:53Z,4850000,False,,,0,,MISS Q. Grimes Free Throw 1 of 1,[1629656],1610612755.0,PHI,,,,,,,,,,,,Grimes,Q. Grimes,,,Missed,,,,,,,,,,,,,,,
486,PT01M37.00S,2025-03-16T18:43:51.9Z,3,REGULAR,rebound,defensive,[],1631108,,,1610612742,84,94,2025-03-16T18:43:53Z,4860000,False,,,0,,M. Christie REBOUND (Off:0 Def:7),[1631108],1610612742.0,DAL,,,,,,,,,,,,Christie,M. Christie,,,,,,485.0,7.0,7.0,0.0,,,,,,,,,
487,PT01M30.00S,2025-03-16T18:43:59.2Z,3,REGULAR,2pt,Jump Shot,['pointsinthepaint'],1630314,12.828515111695138,53.92156862745098,1610612742,84,94,2025-03-16T18:44:28Z,4870000,False,-20.0,68.0,1,left,MISS B. Williams 7' driving floating Shot - blocked,"[1630314, 1641720]",1610612742.0,DAL,driving floating,,,,,,In The Paint (Non-RA),0-8 Center,,,,Williams,B. Williams,,,Missed,,7.09,,,,,,,,Hood-Schifino,1641720.0,,,,
488,PT01M30.00S,2025-03-16T18:43:59.2Z,3,REGULAR,block,,[],1641720,,,1610612742,84,94,2025-03-16T18:44:01Z,4880000,False,,,0,,J. Hood-Schifino BLOCK (1 BLK),[1641720],1610612755.0,PHI,,,,,,,In The Paint (Non-RA),0-8 Center,,,,Hood-Schifino,J. Hood-Schifino,,,,,,,,,,,,,,,,,,
494,PT01M30.00S,2025-03-16T18:43:59.2Z,3,REGULAR,rebound,offensive,['team'],0,,,1610612742,84,94,2025-03-16T18:45:03Z,4885000,False,,,0,,TEAM offensive REBOUND,[],1610612742.0,DAL,,,,,,,In The Paint (Non-RA),0-8 Center,,,,,,,,,,,487.0,,,,,,,,,,,,
489,PT01M30.00S,2025-03-16T18:44:11.0Z,3,REGULAR,substitution,out,[],1629656,,,1610612742,84,94,2025-03-16T18:44:13Z,4890000,False,,,0,,SUB out: Q. Grimes,[1629656],1610612755.0,PHI,,,,,,,,,,,,Grimes,Q. Grimes,,,,,,,,,,,,,,,,,,
490,PT01M30.00S,2025-03-16T18:44:11.0Z,3,REGULAR,substitution,in,[],1629052,,,1610612742,84,94,2025-03-16T18:44:13Z,4900000,False,,,0,,SUB in: O. Brissett,[1629052],1610612755.0,PHI,,,,,,,,,,,,Brissett,O. Brissett,,,,,,,,,,,,,,,,,,
491,PT01M30.00S,2025-03-16T18:44:24.4Z,3,REGULAR,jumpball,recovered,[],1629023,,,1610612742,84,94,2025-03-16T18:44:38Z,4910000,False,,,0,,Jump Ball B. Williams vs. J. Hood-Schifino: Tip to P. Washington,"[1629023, 1630314, 1641720]",1610612742.0,DAL,heldball,P. Washington,Williams,1630314.0,Hood-Schifino,1641720.0,,,,,,Washington,P. Washington,,,,,,,,,,,,,,,,,,1629023.0
495,PT01M15.00S,2025-03-16T18:44:38.0Z,3,REGULAR,2pt,Jump Shot,['2ndchance'],1630230,9.149145860709593,68.38235294117648,1610612742,84,94,2025-03-16T18:45:35Z,4940000,False,-92.0,34.0,1,left,MISS N. Marshall 9' driving floating Shot,[1630230],1610612742.0,DAL,driving floating,,,,,,Mid-Range,8-16 Left,,,,Marshall,N. Marshall,,,Missed,,9.78,,,,,,,,,,,,,
496,PT01M11.00S,2025-03-16T18:44:42.0Z,3,REGULAR,rebound,defensive,[],1629643,,,1610612755,84,94,2025-03-16T18:44:43Z,4950000,False,,,0,,C. Okeke REBOUND (Off:1 Def:3),[1629643],1610612755.0,PHI,,,,,,,Mid-Range,8-16 Left,,,,Okeke,C. Okeke,,,,,,495.0,4.0,3.0,1.0,,,,,,,,,
497,PT01M03.00S,2025-03-16T18:44:49.0Z,3,REGULAR,3pt,Jump Shot,[],1629052,92.85479632063075,97.30392156862744,1610612755,84,94,2025-03-16T18:44:55Z,4960000,False,237.0,15.0,1,right,MISS O. Brissett 3PT,[1629052],1610612755.0,PHI,,,,,,,Right Corner 3,24+ Right,,,,Brissett,O. Brissett,,,Missed,,23.7,,,,,,,,,,,,,
498,PT01M00.00S,2025-03-16T18:44:52.0Z,3,REGULAR,rebound,defensive,[],1629023,,,1610612742,84,94,2025-03-16T18:44:55Z,4970000,False,,,0,,P. Washington REBOUND (Off:2 Def:8),[1629023],1610612742.0,DAL,,,,,,,Right Corner 3,24+ Right,,,,Washington,P. Washington,,,,,,497.0,10.0,8.0,2.0,,,,,,,,,
499,PT00M51.50S,2025-03-16T18:45:01.2Z,3,REGULAR,foul,personal,"['inpenalty', '2freethrow']",1642024,,,1610612742,84,94,2025-03-16T18:45:16Z,4980000,False,,,0,,A. Reese shooting personal FOUL (2 PF) (Christie 2 FT),"[1642024, 1631108]",1610612755.0,PHI,shooting,,,,,,Restricted Area,0-8 Center,202056.0,2.0,0.0,Reese,A. Reese,Christie,1631108.0,,,,,,,,,,,,,,,,
501,PT00M51.50S,2025-03-16T18:45:26.8Z,3,REGULAR,freethrow,1 of 2,[],1631108,,,1610612742,85,94,2025-03-16T18:45:26Z,5000000,False,,,0,,M. Christie Free Throw 1 of 2 (15 PTS),[1631108],1610612742.0,DAL,,,,,,,,,,,,Christie,M. Christie,,,Made,15.0,,,,,,,,,,,,,,
502,PT00M51.50S,2025-03-16T18:45:42.6Z,3,REGULAR,freethrow,2 of 2,[],1631108,,,1610612742,86,94,2025-03-16T18:45:42Z,5010000,False,,,0,,M. Christie Free Throw 2 of 2 (16 PTS),[1631108],1610612742.0,DAL,,,,,,,,,,,,Christie,M. Christie,,,Made,16.0,,,,,,,,,,,,,,
503,PT00M35.60S,2025-03-16T18:46:04.4Z,3,REGULAR,2pt,Layup,['pointsinthepaint'],1630288,93.24901445466492,55.63725490196079,1610612755,86,96,2025-03-16T18:46:08Z,5020000,False,28.0,11.0,1,right,J. Dowtin Jr. driving Layup (10 PTS),[1630288],1610612755.0,PHI,driving,,,,,,Restricted Area,0-8 Center,,,,Dowtin Jr.,J. Dowtin Jr.,,,Made,10.0,3.03,,,,,,,,,,,,,
504,PT00M29.50S,2025-03-16T18:46:17.6Z,3,REGULAR,3pt,Jump Shot,[],1630230,18.084756898817346,5.147058823529411,1610612742,86,96,2025-03-16T18:46:25Z,5030000,False,224.0,117.0,1,left,MISS N. Marshall 25' 3PT,[1630230],1610612742.0,DAL,,,,,,,Above the Break 3,24+ Right Center,,,,Marshall,N. Marshall,,,Missed,,25.32,,,,,,,,,,,,,
505,PT00M27.70S,2025-03-16T18:46:19.4Z,3,REGULAR,rebound,defensive,['team'],0,,,1610612755,86,96,2025-03-16T18:46:25Z,5040000,False,,,0,,TEAM defensive REBOUND,[],1610612755.0,PHI,,,,,,,Above the Break 3,24+ Right Center,,,,,,,,,,,504.0,,,,,,,,,,,,
507,PT00M06.00S,2025-03-16T18:46:54.8Z,3,REGULAR,2pt,Layup,['pointsinthepaint'],1630288,91.40932982917214,46.81372549019608,1610612755,86,96,2025-03-16T18:46:59Z,5060000,False,-16.0,28.0,1,right,MISS J. Dowtin Jr. driving Layup,[1630288],1610612755.0,PHI,driving,,,,,,Restricted Area,0-8 Center,,,,Dowtin Jr.,J. Dowtin Jr.,,,Missed,,3.25,,,,,,,,,,,,,
508,PT00M03.90S,2025-03-16T18:46:56.9Z,3,REGULAR,rebound,offensive,[],1629052,,,1610612755,86,96,2025-03-16T18:46:59Z,5070000,False,,,0,,O. Brissett REBOUND (Off:2 Def:1),[1629052],1610612755.0,PHI,,,,,,,Restricted Area,0-8 Center,,,,Brissett,O. Brissett,,,,,,507.0,3.0,1.0,2.0,,,,,,,,,
509,PT00M03.90S,2025-03-16T18:46:59.1Z,3,REGULAR,2pt,Layup,"['2ndchance', 'pointsinthepaint']",1629052,94.40999984741211,50.0,1610612755,86,98,2025-03-16T18:47:02Z,5080000,False,0.0,0.0,1,right,O. Brissett putback Layup (9 PTS),[1629052],1610612755.0,PHI,putback,,,,,,Restricted Area,0-8 Center,,,,Brissett,O. Brissett,,,Made,9.0,0.0,,,,,,,,,,,,,
510,PT00M00.40S,2025-03-16T18:47:03.5Z,3,REGULAR,3pt,Jump Shot,[],1630230,38.4526938239159,19.11764705882353,1610612742,86,98,2025-03-16T18:48:18Z,5090000,False,154.0,309.0,1,left,MISS N. Marshall 34' floating 3PT,[1630230],1610612742.0,DAL,floating,,,,,,Above the Break 3,24+ Right Center,,,,Marshall,N. Marshall,,,Missed,,34.54,,,,,,,,,,,,,
511,PT00M00.40S,2025-03-16T18:47:03.5Z,3,REGULAR,rebound,offensive,['team'],0,,,1610612742,86,98,2025-03-16T18:47:11Z,5100000,False,,,0,,TEAM offensive REBOUND,[],1610612742.0,DAL,,,,,,,Above the Break 3,24+ Right Center,,,,,,,,,,,510.0,,,,,,,,,,,,
512,PT00M00.00S,2025-03-16T18:47:08.6Z,3,REGULAR,period,end,[],0,,,1610612742,86,98,2025-03-16T18:47:08Z,5110000,False,,,0,,Period End,[],,,,,,,,,,,,,,,,,,,,,,,,,,,,,,,,,
513,PT12M00.00S,2025-03-16T18:48:48.7Z,4,REGULAR,substitution,out,['startperiod'],1631108,,,1610612742,86,98,2025-03-16T18:49:35Z,5120000,False,,,0,,SUB out: M. Christie,[1631108],1610612742.0,DAL,,,,,,,,,,,,Christie,M. Christie,,,,,,,,,,,,,,,,,,
514,PT12M00.00S,2025-03-16T18:48:48.7Z,4,REGULAR,substitution,out,['startperiod'],1630230,,,1610612742,86,98,2025-03-16T18:49:35Z,5130000,False,,,0,,SUB out: N. Marshall,[1630230],1610612742.0,DAL,,,,,,,,,,,,Marshall,N. Marshall,,,,,,,,,,,,,,,,,,
515,PT12M00.00S,2025-03-16T18:48:48.7Z,4,REGULAR,substitution,in,['startperiod'],1630556,,,1610612742,86,98,2025-03-16T18:49:35Z,5140000,False,,,0,,SUB in: K. Edwards,[1630556],1610612742.0,DAL,,,,,,,,,,,,Edwards,K. Edwards,,,,,,,,,,,,,,,,,,
516,PT12M00.00S,2025-03-16T18:48:48.7Z,4,REGULAR,substitution,in,['startperiod'],202691,,,1610612742,86,98,2025-03-16T18:49:35Z,5150000,False,,,0,,SUB in: K. Thompson,[202691],1610612742.0,DAL,,,,,,,,,,,,Thompson,K. Thompson,,,,,,,,,,,,,,,,,,
517,PT12M00.00S,2025-03-16T18:49:45.7Z,4,REGULAR,period,start,[],0,,,1610612742,86,98,2025-03-16T18:49:45Z,5160000,False,,,0,,Period Start,[],,,,,,,,,,,,,,,,,,,,,,,,,,,,,,,,,
518,PT11M42.00S,2025-03-16T18:50:03.3Z,4,REGULAR,2pt,Jump Shot,['pointsinthepaint'],203915,11.514454664914586,50.49019607843137,1610612742,88,98,2025-03-16T18:50:21Z,5170000,False,-2.0,56.0,1,left,S. Dinwiddie driving floating Jump Shot (8 PTS) (B. Williams 2 AST),"[203915, 1630314]",1610612742.0,DAL,driving floating,,,,,,In The Paint (Non-RA),0-8 Center,,,,Dinwiddie,S. Dinwiddie,,,Made,8.0,5.58,,,,,B. Williams,1630314.0,2.0,,,,,,
520,PT11M42.00S,2025-03-16T18:50:05.9Z,4,REGULAR,foul,personal,['1freethrow'],1641720,,,1610612742,88,98,2025-03-16T18:50:15Z,5190000,False,,,0,,J. Hood-Schifino shooting personal FOUL (1 PF) (Dinwiddie 1 FT),"[1641720, 203915]",1610612755.0,PHI,shooting,,,,,,In The Paint (Non-RA),0-8 Center,202056.0,1.0,0.0,Hood-Schifino,J. Hood-Schifino,Dinwiddie,203915.0,,,,,,,,,,,,,,,,
522,PT11M42.00S,2025-03-16T18:50:23.6Z,4,REGULAR,freethrow,1 of 1,[],203915,,,1610612742,89,98,2025-03-16T18:50:23Z,5210000,False,,,0,,S. Dinwiddie Free Throw 1 of 1 (9 PTS),[203915],1610612742.0,DAL,,,,,,,,,,,,Dinwiddie,S. Dinwiddie,,,Made,9.0,,,,,,,,,,,,,,
523,PT11M20.00S,2025-03-16T18:50:47.2Z,4,REGULAR,2pt,Layup,['pointsinthepaint'],1629052,90.62089356110381,60.049019607843135,1610612755,89,100,2025-03-16T18:50:52Z,5220000,False,50.0,36.0,1,right,O. Brissett 6' driving Layup (11 PTS),[1629052],1610612755.0,PHI,driving,,,,,,In The Paint (Non-RA),0-8 Center,,,,Brissett,O. Brissett,,,Made,11.0,6.16,,,,,,,,,,,,,
524,PT11M03.00S,2025-03-16T18:51:04.1Z,4,REGULAR,2pt,Layup,['pointsinthepaint'],1629023,7.835085413929041,46.32352941176471,1610612742,89,100,2025-03-16T18:51:13Z,5230000,False,18.0,21.0,1,left,MISS P. Washington driving Layup,[1629023],1610612742.0,DAL,driving,,,,,,Restricted Area,0-8 Center,,,,Washington,P. Washington,,,Missed,,2.8,,,,,,,,,,,,,
525,PT10M59.00S,2025-03-16T18:51:08.2Z,4,REGULAR,rebound,offensive,[],1630314,,,1610612742,89,100,2025-03-16T18:51:08Z,5240000,False,,,0,,B. Williams REBOUND (Off:1 Def:0),[1630314],1610612742.0,DAL,,,,,,,Restricted Area,0-8 Center,,,,Williams,B. Williams,,,,,,524.0,1.0,0.0,1.0,,,,,,,,,
526,PT10M50.00S,2025-03-16T18:51:17.5Z,4,REGULAR,2pt,Layup,"['pointsinthepaint', '2ndchance']",1630556,6.915243101182654,51.470588235294116,1610612742,91,100,2025-03-16T18:51:20Z,5250000,False,-7.0,13.0,1,left,K. Edwards driving reverse Layup (2 PTS) (S. Dinwiddie 5 AST),"[1630556, 203915]",1610612742.0,DAL,driving reverse,,,,,,Restricted Area,0-8 Center,,,,Edwards,K. Edwards,,,Made,2.0,1.45,,,,,S. Dinwiddie,203915.0,5.0,,,,,,
528,PT10M50.00S,2025-03-16T18:51:22.1Z,4,REGULAR,timeout,full,"['team', 'mandatory']",0,,,1610612755,91,100,2025-03-16T18:51:22Z,5270000,False,,,0,,PHI Timeout,[],1610612755.0,PHI,,,,,,,,,,,,,,,,,,,,,,,,,,,,,,,
529,PT10M28.00S,2025-03-16T18:54:39.7Z,4,REGULAR,2pt,Jump Shot,[],1641720,76.69185282522996,47.05882352941176,1610612755,91,102,2025-03-16T18:54:45Z,5280000,False,-15.0,167.0,1,right,J. Hood-Schifino 16' pullup Jump Shot (14 PTS) (C. Okeke 1 AST),"[1641720, 1629643]",1610612755.0,PHI,pullup,,,,,,Mid-Range,16-24 Center,,,,Hood-Schifino,J. Hood-Schifino,,,Made,14.0,16.72,,,,,C. Okeke,1629643.0,1.0,,,,,,
531,PT10M09.00S,2025-03-16T18:54:59.9Z,4,REGULAR,2pt,Jump Shot,['pointsinthepaint'],203915,8.886333771353483,52.94117647058824,1610612742,91,102,2025-03-16T18:55:05Z,5300000,False,-15.0,31.0,1,left,MISS S. Dinwiddie turnaround Shot,[203915],1610612742.0,DAL,turnaround,,,,,,Restricted Area,0-8 Center,,,,Dinwiddie,S. Dinwiddie,,,Missed,,3.43,,,,,,,,,,,,,
532,PT10M06.00S,2025-03-16T18:55:02.9Z,4,REGULAR,rebound,offensive,[],1630314,,,1610612742,91,102,2025-03-16T18:55:05Z,5310000,False,,,0,,B. Williams REBOUND (Off:2 Def:0),[1630314],1610612742.0,DAL,,,,,,,Restricted Area,0-8 Center,,,,Williams,B. Williams,,,,,,531.0,2.0,0.0,2.0,,,,,,,,,
533,PT09M58.00S,2025-03-16T18:55:09.9Z,4,REGULAR,3pt,Jump Shot,['2ndchance'],1630556,19.92444152431012,92.40196078431373,1610612742,94,102,2025-03-16T18:55:14Z,5320000,False,-212.0,135.0,1,left,K. Edwards 25' 3PT  (5 PTS) (S. Dinwiddie 6 AST),"[1630556, 203915]",1610612742.0,DAL,,,,,,,Above the Break 3,24+ Left Center,,,,Edwards,K. Edwards,,,Made,5.0,25.12,,,,,S. Dinwiddie,203915.0,6.0,,,,,,
535,PT09M44.00S,2025-03-16T18:55:24.3Z,4,REGULAR,3pt,Jump Shot,[],1641720,65.39093298291722,50.73529411764706,1610612755,94,105,2025-03-16T18:55:29Z,5340000,False,4.0,273.0,1,right,J. Hood-Schifino 27' 3PT  (17 PTS) (J. Dowtin Jr. 2 AST),"[1641720, 1630288]",1610612755.0,PHI,,,,,,,Above the Break 3,24+ Center,,,,Hood-Schifino,J. Hood-Schifino,,,Made,17.0,27.28,,,,,J. Dowtin Jr.,1630288.0,2.0,,,,,,
537,PT09M18.00S,2025-03-16T18:55:50.7Z,4,REGULAR,2pt,Jump Shot,[],1629023,9.329829172141919,68.65042892156863,1610612742,96,105,2025-03-16T18:56:15Z,5360000,False,-93.0,35.0,1,left,P. Washington 9' turnaround Jump Shot (27 PTS),[1629023],1610612742.0,DAL,turnaround,,,,,,Mid-Range,8-16 Left,,,,Washington,P. Washington,,,Made,27.0,9.97,,,,,,,,,,,,,
538,PT08M57.00S,2025-03-16T18:56:12.1Z,4,REGULAR,3pt,Jump Shot,[],1641720,69.20170827858082,66.91176470588235,1610612755,96,105,2025-03-16T18:56:39Z,5370000,False,85.0,237.0,1,right,MISS J. Hood-Schifino 25' pullup 3PT,[1641720],1610612755.0,PHI,pullup,,,,,,Above the Break 3,24+ Right Center,,,,Hood-Schifino,J. Hood-Schifino,,,Missed,,25.16,,,,,,,,,,,,,
539,PT08M55.00S,2025-03-16T18:56:14.1Z,4,REGULAR,rebound,defensive,[],203915,,,1610612742,96,105,2025-03-16T19:16:31Z,5380000,False,,,0,,S. Dinwiddie REBOUND (Off:0 Def:2),[203915],1610612742.0,DAL,,,,,,,Above the Break 3,24+ Right Center,,,,Dinwiddie,S. Dinwiddie,,,,,,538.0,2.0,2.0,0.0,,,,,,,,,
540,PT08M49.00S,2025-03-16T18:56:22.4Z,4,REGULAR,2pt,Jump Shot,"['fastbreak', 'pointsinthepaint']",203915,16.68856767411301,55.84022671568627,1610612742,98,105,2025-03-16T19:16:24Z,5390000,False,-29.0,104.0,1,left,S. Dinwiddie 10' driving floating Jump Shot (11 PTS),[203915],1610612742.0,DAL,driving floating,,,,,,In The Paint (Non-RA),8-16 Center,,,,Dinwiddie,S. Dinwiddie,,,Made,11.0,10.84,,,,,,,,,,,,,
541,PT08M49.00S,2025-03-16T18:56:24.0Z,4,REGULAR,foul,personal,['1freethrow'],1629643,,,1610612742,98,105,2025-03-16T18:56:37Z,5400000,False,,,0,,C. Okeke shooting personal FOUL (1 PF) (Dinwiddie 1 FT),"[1629643, 203915]",1610612755.0,PHI,shooting,,,,,,In The Paint (Non-RA),0-8 Center,2530.0,1.0,0.0,Okeke,C. Okeke,Dinwiddie,203915.0,,,,,,,,,,,,,,,,
543,PT08M49.00S,2025-03-16T18:56:32.0Z,4,REGULAR,substitution,out,[],1629023,,,1610612742,98,105,2025-03-16T18:56:44Z,5420000,False,,,0,,SUB out: P. Washington,[1629023],1610612742.0,DAL,,,,,,,,,,,,Washington,P. Washington,,,,,,,,,,,,,,,,,,
544,PT08M49.00S,2025-03-16T18:56:32.0Z,4,REGULAR,substitution,in,[],1630230,,,1610612742,98,105,2025-03-16T18:56:44Z,5430000,False,,,0,,SUB in: N. Marshall,[1630230],1610612742.0,DAL,,,,,,,,,,,,Marshall,N. Marshall,,,,,,,,,,,,,,,,,,
545,PT08M49.00S,2025-03-16T18:56:49.3Z,4,REGULAR,substitution,out,[],1630314,,,1610612742,98,105,2025-03-16T18:56:54Z,5440000,False,,,0,,SUB out: B. Williams,[1630314],1610612742.0,DAL,,,,,,,,,,,,Williams,B. Williams,,,,,,,,,,,,,,,,,,
546,PT08M49.00S,2025-03-16T18:56:49.3Z,4,REGULAR,substitution,in,[],1631108,,,1610612742,98,105,2025-03-16T18:56:54Z,5450000,False,,,0,,SUB in: M. Christie,[1631108],1610612742.0,DAL,,,,,,,,,,,,Christie,M. Christie,,,,,,,,,,,,,,,,,,
547,PT08M49.00S,2025-03-16T18:57:13.0Z,4,REGULAR,freethrow,1 of 1,['fastbreak'],203915,,,1610612742,98,105,2025-03-16T18:57:20Z,5460000,False,,,0,,MISS S. Dinwiddie Free Throw 1 of 1,[203915],1610612742.0,DAL,,,,,,,,,,,,Dinwiddie,S. Dinwiddie,,,Missed,,,,,,,,,,,,,,,
548,PT08M47.00S,2025-03-16T18:57:15.0Z,4,REGULAR,rebound,defensive,[],1629052,,,1610612755,98,105,2025-03-16T18:57:20Z,5470000,False,,,0,,O. Brissett REBOUND (Off:2 Def:2),[1629052],1610612755.0,PHI,,,,,,,,,,,,Brissett,O. Brissett,,,,,,547.0,4.0,2.0,2.0,,,,,,,,,
549,PT08M34.00S,2025-03-16T18:57:26.9Z,4,REGULAR,3pt,Jump Shot,[],1629643,68.9388961892247,68.62745098039215,1610612755,98,108,2025-03-16T18:57:45Z,5480000,False,93.0,239.0,1,right,C. Okeke 25' 3PT pullup (5 PTS) (J. Hood-Schifino 1 AST),"[1629643, 1641720]",1610612755.0,PHI,pullup,,,,,,Above the Break 3,24+ Right Center,,,,Okeke,C. Okeke,,,Made,5.0,25.7,,,,,J. Hood-Schifino,1641720.0,1.0,,,,,,
551,PT08M15.00S,2025-03-16T18:57:47.1Z,4,REGULAR,foul,personal,[],1642024,,,1610612742,98,108,2025-03-16T18:58:01Z,5500000,False,,,0,,A. Reese personal FOUL (3 PF),"[1642024, 203915]",1610612755.0,PHI,,,,,,,In The Paint (Non-RA),0-8 Center,1155.0,3.0,0.0,Reese,A. Reese,Dinwiddie,203915.0,,,,,,,,,,,,,,,,
553,PT08M15.00S,2025-03-16T18:57:53.6Z,4,REGULAR,substitution,out,[],1641720,,,1610612742,98,108,2025-03-16T18:58:01Z,5520000,False,,,0,,SUB out: J. Hood-Schifino,[1641720],1610612755.0,PHI,,,,,,,,,,,,Hood-Schifino,J. Hood-Schifino,,,,,,,,,,,,,,,,,,
554,PT08M15.00S,2025-03-16T18:57:53.6Z,4,REGULAR,substitution,out,[],1642024,,,1610612742,98,108,2025-03-16T18:58:01Z,5530000,False,,,0,,SUB out: A. Reese,[1642024],1610612755.0,PHI,,,,,,,,,,,,Reese,A. Reese,,,,,,,,,,,,,,,,,,
555,PT08M15.00S,2025-03-16T18:57:53.6Z,4,REGULAR,substitution,in,[],1627824,,,1610612742,98,108,2025-03-16T18:58:01Z,5540000,False,,,0,,SUB in: G. Yabusele,[1627824],1610612755.0,PHI,,,,,,,,,,,,Yabusele,G. Yabusele,,,,,,,,,,,,,,,,,,
556,PT08M15.00S,2025-03-16T18:57:53.6Z,4,REGULAR,substitution,in,[],1641741,,,1610612742,98,108,2025-03-16T18:58:01Z,5550000,False,,,0,,SUB in: R. Council IV,[1641741],1610612755.0,PHI,,,,,,,,,,,,Council IV,R. Council IV,,,,,,,,,,,,,,,,,,
557,PT08M05.00S,2025-03-16T18:58:20.1Z,4,REGULAR,turnover,lost ball,[],203915,,,1610612742,98,108,2025-03-16T18:58:28Z,5560000,False,,,0,,S. Dinwiddie lost ball TURNOVER (1 TO),"[203915, 1630288]",1610612742.0,DAL,,,,,,,Above the Break 3,24+ Right Center,,,,Dinwiddie,S. Dinwiddie,,,,,,,,,,,,,,,1.0,Dowtin Jr.,1630288.0,
558,PT08M05.00S,2025-03-16T18:58:20.1Z,4,REGULAR,steal,,[],1630288,,,1610612755,98,108,2025-03-16T18:58:21Z,5570000,False,,,0,,J. Dowtin Jr. STEAL (1 STL),[1630288],1610612755.0,PHI,,,,,,,Above the Break 3,24+ Right Center,,,,Dowtin Jr.,J. Dowtin Jr.,,,,,,,,,,,,,,,,,,
559,PT08M03.00S,2025-03-16T18:58:22.1Z,4,REGULAR,2pt,DUNK,"['pointsinthepaint', 'fromturnover', 'fastbreak']",1630288,94.30026281208936,49.01960784313725,1610612755,98,110,2025-03-16T18:58:28Z,5580000,False,-5.0,1.0,1,right,J. Dowtin Jr. running DUNK (12 PTS),[1630288],1610612755.0,PHI,running,,,,,,Restricted Area,0-8 Center,,,,Dowtin Jr.,J. Dowtin Jr.,,,Made,12.0,0.5,,,,,,,,,,,,,
561,PT07M54.00S,2025-03-16T18:58:31.0Z,4,REGULAR,2pt,Jump Shot,['pointsinthepaint'],1630230,6.652431011826544,48.28431372549019,1610612742,100,110,2025-03-16T18:59:07Z,5600000,False,9.0,10.0,1,left,N. Marshall driving floating Jump Shot (17 PTS) (S. Dinwiddie 7 AST),"[1630230, 203915]",1610612742.0,DAL,driving floating,,,,,,Restricted Area,0-8 Center,,,,Marshall,N. Marshall,,,Made,17.0,1.32,,,,,S. Dinwiddie,203915.0,7.0,,,,,,
563,PT07M49.00S,2025-03-16T18:58:39.9Z,4,REGULAR,2pt,Jump Shot,['pointsinthepaint'],1630288,88.5676741130092,43.65425857843137,1610612755,100,110,2025-03-16T18:59:33Z,5620000,False,-32.0,55.0,1,right,MISS J. Dowtin Jr. 6' driving floating Shot,[1630288],1610612755.0,PHI,driving floating,,,,,,In The Paint (Non-RA),0-8 Center,,,,Dowtin Jr.,J. Dowtin Jr.,,,Missed,,6.35,,,,,,,,,,,,,
564,PT07M47.00S,2025-03-16T18:58:41.9Z,4,REGULAR,rebound,defensive,[],1630556,,,1610612742,100,110,2025-03-16T18:59:33Z,5630000,False,,,0,,K. Edwards REBOUND (Off:0 Def:7),[1630556],1610612742.0,DAL,,,,,,,In The Paint (Non-RA),0-8 Center,,,,Edwards,K. Edwards,,,,,,563.0,7.0,7.0,0.0,,,,,,,,,
565,PT07M43.00S,2025-03-16T18:58:42.2Z,4,REGULAR,turnover,bad pass,[],1630556,,,1610612742,100,110,2025-03-16T18:58:46Z,5640000,False,,,0,,K. Edwards bad pass TURNOVER (1 TO),"[1630556, 1629643]",1610612742.0,DAL,,,,,,,Mid-Range,8-16 Center,,,,Edwards,K. Edwards,,,,,,,,,,,,,,,1.0,Okeke,1629643.0,
566,PT07M43.00S,2025-03-16T18:58:42.2Z,4,REGULAR,steal,,[],1629643,,,1610612755,100,110,2025-03-16T18:58:44Z,5650000,False,,,0,,C. Okeke STEAL (1 STL),[1629643],1610612755.0,PHI,,,,,,,Mid-Range,8-16 Center,,,,Okeke,C. Okeke,,,,,,,,,,,,,,,,,,
567,PT07M40.00S,2025-03-16T18:58:44.8Z,4,REGULAR,2pt,Layup,"['pointsinthepaint', 'fromturnover']",1630288,92.32917214191852,52.450980392156865,1610612755,100,110,2025-03-16T18:58:57Z,5660000,False,12.0,20.0,1,right,MISS J. Dowtin Jr. Layup - blocked,"[1630288, 1630556]",1610612755.0,PHI,,,,,,,Restricted Area,0-8 Center,,,,Dowtin Jr.,J. Dowtin Jr.,,,Missed,,2.31,,,,,,,,Edwards,1630556.0,,,,
568,PT07M40.00S,2025-03-16T18:58:44.8Z,4,REGULAR,block,,[],1630556,,,1610612755,100,110,2025-03-16T18:58:47Z,5670000,False,,,0,,K. Edwards BLOCK (1 BLK),[1630556],1610612742.0,DAL,,,,,,,Restricted Area,0-8 Center,,,,Edwards,K. Edwards,,,,,,,,,,,,,,,,,,
569,PT07M37.00S,2025-03-16T18:58:47.8Z,4,REGULAR,rebound,offensive,[],1629052,,,1610612755,100,110,2025-03-16T18:58:57Z,5680000,False,,,0,,O. Brissett REBOUND (Off:3 Def:2),[1629052],1610612755.0,PHI,,,,,,,Restricted Area,0-8 Center,,,,Brissett,O. Brissett,,,,,,567.0,5.0,2.0,3.0,,,,,,,,,
570,PT07M35.00S,2025-03-16T18:58:49.8Z,4,REGULAR,2pt,Layup,"['pointsinthepaint', 'fromturnover', '2ndchance']",1629052,94.40999984741211,50.0,1610612755,100,112,2025-03-16T18:58:49Z,5690000,False,0.0,0.0,1,right,O. Brissett putback Layup (13 PTS),[1629052],1610612755.0,PHI,putback,,,,,,Mid-Range,8-16 Left,,,,Brissett,O. Brissett,,,Made,13.0,0.0,,,,,,,,,,,,,
571,PT07M30.00S,2025-03-16T18:58:57.0Z,4,REGULAR,foul,personal,[],1641741,,,1610612742,100,112,2025-03-16T18:59:00Z,5700000,False,,,0,,R. Council IV personal FOUL (1 PF),"[1641741, 1630556]",1610612755.0,PHI,,,,,,,In The Paint (Non-RA),0-8 Center,202056.0,1.0,0.0,Council IV,R. Council IV,Edwards,1630556.0,,,,,,,,,,,,,,,,
573,PT07M23.00S,2025-03-16T18:59:26.0Z,4,REGULAR,2pt,Hook,['pointsinthepaint'],203915,8.886333771353483,43.627450980392155,1610612742,100,112,2025-03-16T19:00:40Z,5720000,False,32.0,31.0,1,left,MISS S. Dinwiddie driving Hook,[203915],1610612742.0,DAL,driving,,,,,,In The Paint (Non-RA),0-8 Center,,,,Dinwiddie,S. Dinwiddie,,,Missed,,4.45,,,,,,,,,,,,,
574,PT07M23.00S,2025-03-16T18:59:26.0Z,4,REGULAR,rebound,defensive,[],1630288,,,1610612755,100,112,2025-03-16T18:59:29Z,5730000,False,,,0,,J. Dowtin Jr. REBOUND (Off:1 Def:2),[1630288],1610612755.0,PHI,,,,,,,In The Paint (Non-RA),0-8 Center,,,,Dowtin Jr.,J. Dowtin Jr.,,,,,,573.0,3.0,2.0,1.0,,,,,,,,,
575,PT07M09.00S,2025-03-16T18:59:39.5Z,4,REGULAR,2pt,Jump Shot,['pointsinthepaint'],1630288,82.21090670170827,50.0,1610612755,100,114,2025-03-16T19:00:58Z,5740000,False,0.0,115.0,1,right,J. Dowtin Jr. 11' step back Jump Shot (14 PTS),[1630288],1610612755.0,PHI,step back,,,,,,In The Paint (Non-RA),8-16 Center,,,,Dowtin Jr.,J. Dowtin Jr.,,,Made,14.0,11.47,,,,,,,,,,,,,
576,PT07M08.00S,2025-03-16T18:59:48.3Z,4,REGULAR,timeout,full,"['team', 'mandatory']",0,,,1610612742,100,114,2025-03-16T18:59:48Z,5750000,False,,,0,,DAL Timeout,[],1610612742.0,DAL,,,,,,,,,,,,,,,,,,,,,,,,,,,,,,,
577,PT07M08.00S,2025-03-16T19:00:33.4Z,4,REGULAR,substitution,out,[],1630556,,,1610612742,100,114,2025-03-16T19:02:36Z,5760000,False,,,0,,SUB out: K. Edwards,[1630556],1610612742.0,DAL,,,,,,,,,,,,Edwards,K. Edwards,,,,,,,,,,,,,,,,,,
578,PT07M08.00S,2025-03-16T19:00:33.4Z,4,REGULAR,substitution,out,[],203915,,,1610612742,100,114,2025-03-16T19:02:36Z,5770000,False,,,0,,SUB out: S. Dinwiddie,[203915],1610612742.0,DAL,,,,,,,,,,,,Dinwiddie,S. Dinwiddie,,,,,,,,,,,,,,,,,,
579,PT07M08.00S,2025-03-16T19:00:33.4Z,4,REGULAR,substitution,in,[],1629023,,,1610612742,100,114,2025-03-16T19:02:36Z,5780000,False,,,0,,SUB in: P. Washington,[1629023],1610612742.0,DAL,,,,,,,,,,,,Washington,P. Washington,,,,,,,,,,,,,,,,,,
580,PT07M08.00S,2025-03-16T19:00:33.4Z,4,REGULAR,substitution,in,[],1630314,,,1610612742,100,114,2025-03-16T19:02:36Z,5790000,False,,,0,,SUB in: B. Williams,[1630314],1610612742.0,DAL,,,,,,,,,,,,Williams,B. Williams,,,,,,,,,,,,,,,,,,
581,PT06M54.00S,2025-03-16T19:03:04.8Z,4,REGULAR,2pt,Hook,['pointsinthepaint'],1629023,7.835085413929041,49.754901960784316,1610612742,100,114,2025-03-16T19:03:25Z,5800000,False,1.0,21.0,1,left,MISS P. Washington driving Hook,[1629023],1610612742.0,DAL,driving,,,,,,Restricted Area,0-8 Center,,,,Washington,P. Washington,,,Missed,,2.11,,,,,,,,,,,,,
582,PT06M51.00S,2025-03-16T19:03:07.8Z,4,REGULAR,rebound,offensive,[],1629023,,,1610612742,100,114,2025-03-16T19:03:13Z,5810000,False,,,0,,P. Washington REBOUND (Off:3 Def:8),[1629023],1610612742.0,DAL,,,,,,,Restricted Area,0-8 Center,,,,Washington,P. Washington,,,,,,581.0,11.0,8.0,3.0,,,,,,,,,
583,PT06M48.00S,2025-03-16T19:03:10.6Z,4,REGULAR,3pt,Jump Shot,['2ndchance'],202691,25.312089356110377,83.82352941176471,1610612742,103,114,2025-03-16T19:03:15Z,5820000,False,-169.0,185.0,1,left,K. Thompson 25' 3PT  (14 PTS) (N. Marshall 6 AST),"[202691, 1630230]",1610612742.0,DAL,,,,,,,Above the Break 3,24+ Left Center,,,,Thompson,K. Thompson,,,Made,14.0,25.09,,,,,N. Marshall,1630230.0,6.0,,,,,,
585,PT06M22.00S,2025-03-16T19:03:36.0Z,4,REGULAR,2pt,Jump Shot,[],1630288,76.69185282522996,47.30392156862745,1610612755,103,114,2025-03-16T19:03:40Z,5840000,False,-13.0,167.0,1,right,MISS J. Dowtin Jr. 16' pullup Shot,[1630288],1610612755.0,PHI,pullup,,,,,,Mid-Range,16-24 Center,,,,Dowtin Jr.,J. Dowtin Jr.,,,Missed,,16.71,,,,,,,,,,,,,
586,PT06M20.00S,2025-03-16T19:03:38.0Z,4,REGULAR,rebound,defensive,['team'],0,,,1610612742,103,114,2025-03-16T19:03:40Z,5850000,False,,,0,,TEAM defensive REBOUND,[],1610612742.0,DAL,,,,,,,Mid-Range,16-24 Center,,,,,,,,,,,585.0,,,,,,,,,,,,
588,PT06M20.00S,2025-03-16T19:03:40.9Z,4,REGULAR,substitution,out,[],1630314,,,1610612742,103,114,2025-03-16T19:03:44Z,5870000,False,,,0,,SUB out: B. Williams,[1630314],1610612742.0,DAL,,,,,,,,,,,,Williams,B. Williams,,,,,,,,,,,,,,,,,,
589,PT06M20.00S,2025-03-16T19:03:40.9Z,4,REGULAR,substitution,in,[],203915,,,1610612742,103,114,2025-03-16T19:03:44Z,5880000,False,,,0,,SUB in: S. Dinwiddie,[203915],1610612742.0,DAL,,,,,,,,,,,,Dinwiddie,S. Dinwiddie,,,,,,,,,,,,,,,,,,
590,PT06M03.00S,2025-03-16T19:04:08.2Z,4,REGULAR,2pt,Jump Shot,[],202691,19.66162943495401,74.50980392156863,1610612742,105,114,2025-03-16T19:04:31Z,5890000,False,-123.0,132.0,1,left,K. Thompson 18' step back Jump Shot (16 PTS),[202691],1610612742.0,DAL,step back,,,,,,Mid-Range,16-24 Left Center,,,,Thompson,K. Thompson,,,Made,16.0,18.03,,,,,,,,,,,,,
591,PT05M40.00S,2025-03-16T19:04:30.2Z,4,REGULAR,3pt,Jump Shot,[],1641741,67.23061760840999,57.84313725490197,1610612755,105,117,2025-03-16T19:04:34Z,5900000,False,39.0,256.0,1,right,R. Council IV 25' 3PT  (11 PTS) (J. Dowtin Jr. 3 AST),"[1641741, 1630288]",1610612755.0,PHI,,,,,,,Above the Break 3,24+ Center,,,,Council IV,R. Council IV,,,Made,11.0,25.85,,,,,J. Dowtin Jr.,1630288.0,3.0,,,,,,
593,PT05M21.00S,2025-03-16T19:04:50.8Z,4,REGULAR,2pt,Jump Shot,[],202691,24.129434954007884,30.88235294117647,1610612742,107,117,2025-03-16T19:05:08Z,5920000,False,96.0,174.0,1,left,K. Thompson 19' step back Jump Shot (18 PTS) (M. Christie 3 AST),"[202691, 1631108]",1610612742.0,DAL,step back,,,,,,Mid-Range,16-24 Right Center,,,,Thompson,K. Thompson,,,Made,18.0,19.88,,,,,M. Christie,1631108.0,3.0,,,,,,
595,PT05M02.00S,2025-03-16T19:05:10.3Z,4,REGULAR,foul,personal,['2freethrow'],1631108,,,1610612755,107,117,2025-03-16T19:05:15Z,5940000,False,,,0,,M. Christie shooting personal FOUL (2 PF) (Council IV 2 FT),"[1631108, 1641741]",1610612742.0,DAL,shooting,,,,,,In The Paint (Non-RA),0-8 Center,1155.0,2.0,0.0,Christie,M. Christie,Council IV,1641741.0,,,,,,,,,,,,,,,,
597,PT05M02.00S,2025-03-16T19:05:34.4Z,4,REGULAR,freethrow,1 of 2,[],1641741,,,1610612755,107,118,2025-03-16T19:05:34Z,5960000,False,,,0,,R. Council IV Free Throw 1 of 2 (12 PTS),[1641741],1610612755.0,PHI,,,,,,,,,,,,Council IV,R. Council IV,,,Made,12.0,,,,,,,,,,,,,,
598,PT05M02.00S,2025-03-16T19:05:34.9Z,4,REGULAR,substitution,out,[],1630288,,,1610612755,107,118,2025-03-16T19:05:41Z,5970000,False,,,0,,SUB out: J. Dowtin Jr.,[1630288],1610612755.0,PHI,,,,,,,,,,,,Dowtin Jr.,J. Dowtin Jr.,,,,,,,,,,,,,,,,,,
599,PT05M02.00S,2025-03-16T19:05:34.9Z,4,REGULAR,substitution,out,[],1629643,,,1610612755,107,118,2025-03-16T19:05:41Z,5980000,False,,,0,,SUB out: C. Okeke,[1629643],1610612755.0,PHI,,,,,,,,,,,,Okeke,C. Okeke,,,,,,,,,,,,,,,,,,
600,PT05M02.00S,2025-03-16T19:05:34.9Z,4,REGULAR,substitution,out,[],1629052,,,1610612755,107,118,2025-03-16T19:05:41Z,5990000,False,,,0,,SUB out: O. Brissett,[1629052],1610612755.0,PHI,,,,,,,,,,,,Brissett,O. Brissett,,,,,,,,,,,,,,,,,,
601,PT05M02.00S,2025-03-16T19:05:34.9Z,4,REGULAR,substitution,in,[],1629656,,,1610612755,107,118,2025-03-16T19:05:41Z,6000000,False,,,0,,SUB in: Q. Grimes,[1629656],1610612755.0,PHI,,,,,,,,,,,,Grimes,Q. Grimes,,,,,,,,,,,,,,,,,,
602,PT05M02.00S,2025-03-16T19:05:34.9Z,4,REGULAR,substitution,in,[],1630215,,,1610612755,107,118,2025-03-16T19:05:41Z,6010000,False,,,0,,SUB in: J. Butler,[1630215],1610612755.0,PHI,,,,,,,,,,,,Butler,J. Butler,,,,,,,,,,,,,,,,,,
603,PT05M02.00S,2025-03-16T19:05:34.9Z,4,REGULAR,substitution,in,[],1642348,,,1610612755,107,118,2025-03-16T19:05:41Z,6020000,False,,,0,,SUB in: J. Edwards,[1642348],1610612755.0,PHI,,,,,,,,,,,,Edwards,J. Edwards,,,,,,,,,,,,,,,,,,
604,PT05M02.00S,2025-03-16T19:05:50.3Z,4,REGULAR,freethrow,2 of 2,[],1641741,,,1610612755,107,119,2025-03-16T19:05:50Z,6030000,False,,,0,,R. Council IV Free Throw 2 of 2 (13 PTS),[1641741],1610612755.0,PHI,,,,,,,,,,,,Council IV,R. Council IV,,,Made,13.0,,,,,,,,,,,,,,
605,PT04M58.00S,2025-03-16T19:06:02.1Z,4,REGULAR,3pt,Jump Shot,[],202691,32.013797634691194,49.50980392156863,1610612742,107,119,2025-03-16T19:06:06Z,6040000,False,2.0,248.0,1,left,MISS K. Thompson 24' 3PT,[202691],1610612742.0,DAL,,,,,,,Above the Break 3,24+ Center,,,,Thompson,K. Thompson,,,Missed,,24.84,,,,,,,,,,,,,
606,PT04M54.00S,2025-03-16T19:06:06.1Z,4,REGULAR,rebound,defensive,[],1641741,,,1610612755,107,119,2025-03-16T19:06:06Z,6050000,False,,,0,,R. Council IV REBOUND (Off:1 Def:9),[1641741],1610612755.0,PHI,,,,,,,Above the Break 3,24+ Center,,,,Council IV,R. Council IV,,,,,,605.0,10.0,9.0,1.0,,,,,,,,,
607,PT04M51.00S,2025-03-16T19:06:08.8Z,4,REGULAR,turnover,traveling,[],1641741,,,1610612755,107,119,2025-03-16T19:06:15Z,6060000,False,,,0,,R. Council IV traveling TURNOVER (2 TO),[1641741],1610612755.0,PHI,,,,,,,Restricted Area,0-8 Center,1155.0,,,Council IV,R. Council IV,,,,,,,,,,,,,,,2.0,,,
608,PT04M30.00S,2025-03-16T19:06:40.3Z,4,REGULAR,2pt,Jump Shot,"['pointsinthepaint', 'fromturnover']",1631108,9.280551905387648,44.36274509803921,1610612742,109,119,2025-03-16T19:06:45Z,6070000,False,28.0,35.0,1,left,M. Christie driving floating bank Jump Shot (18 PTS),[1631108],1610612742.0,DAL,driving floating bank,,,,,,In The Paint (Non-RA),0-8 Center,,,,Christie,M. Christie,,,Made,18.0,4.47,,,,,,,,,,,,,
609,PT04M11.00S,2025-03-16T19:06:58.9Z,4,REGULAR,3pt,Jump Shot,[],1629656,65.39093298291722,51.225490196078425,1610612755,109,119,2025-03-16T19:07:18Z,6080000,False,6.0,273.0,1,right,MISS Q. Grimes 27' pullup 3PT,[1629656],1610612755.0,PHI,pullup,,,,,,Above the Break 3,24+ Center,,,,Grimes,Q. Grimes,,,Missed,,27.29,,,,,,,,,,,,,
610,PT04M09.00S,2025-03-16T19:07:00.9Z,4,REGULAR,rebound,defensive,[],1629023,,,1610612742,109,119,2025-03-16T19:07:04Z,6090000,False,,,0,,P. Washington REBOUND (Off:3 Def:9),[1629023],1610612742.0,DAL,,,,,,,Above the Break 3,24+ Center,,,,Washington,P. Washington,,,,,,609.0,12.0,9.0,3.0,,,,,,,,,
611,PT04M00.00S,2025-03-16T19:07:11.1Z,4,REGULAR,foul,personal,"['inpenalty', '2freethrow']",1629656,,,1610612742,109,119,2025-03-16T19:07:17Z,6100000,False,,,0,,Q. Grimes shooting personal FOUL (4 PF) (Dinwiddie 2 FT),"[1629656, 203915]",1610612755.0,PHI,shooting,,,,,,Restricted Area,0-8 Center,1155.0,4.0,0.0,Grimes,Q. Grimes,Dinwiddie,203915.0,,,,,,,,,,,,,,,,
613,PT04M00.00S,2025-03-16T19:07:35.7Z,4,REGULAR,freethrow,1 of 2,[],203915,,,1610612742,110,119,2025-03-16T19:07:35Z,6120000,False,,,0,,S. Dinwiddie Free Throw 1 of 2 (12 PTS),[203915],1610612742.0,DAL,,,,,,,,,,,,Dinwiddie,S. Dinwiddie,,,Made,12.0,,,,,,,,,,,,,,
614,PT04M00.00S,2025-03-16T19:07:50.8Z,4,REGULAR,freethrow,2 of 2,[],203915,,,1610612742,111,119,2025-03-16T19:07:50Z,6130000,False,,,0,,S. Dinwiddie Free Throw 2 of 2 (13 PTS),[203915],1610612742.0,DAL,,,,,,,,,,,,Dinwiddie,S. Dinwiddie,,,Made,13.0,,,,,,,,,,,,,,
615,PT03M48.00S,2025-03-16T19:08:04.7Z,4,REGULAR,2pt,Layup,['pointsinthepaint'],1630215,93.64323258869908,52.450980392156865,1610612755,111,119,2025-03-16T19:08:30Z,6140000,False,12.0,7.0,1,right,MISS J. Butler driving finger roll Layup,[1630215],1610612755.0,PHI,driving finger roll,,,,,,Restricted Area,0-8 Center,,,,Butler,J. Butler,,,Missed,,1.43,,,,,,,,,,,,,
616,PT03M47.00S,2025-03-16T19:08:05.7Z,4,REGULAR,rebound,offensive,[],1642348,,,1610612755,111,119,2025-03-16T19:08:30Z,6150000,False,,,0,,J. Edwards REBOUND (Off:1 Def:2),[1642348],1610612755.0,PHI,,,,,,,Restricted Area,0-8 Center,,,,Edwards,J. Edwards,,,,,,615.0,3.0,2.0,1.0,,,,,,,,,
617,PT03M47.00S,2025-03-16T19:08:07.3Z,4,REGULAR,2pt,Layup,"['2ndchance', 'pointsinthepaint']",1642348,94.40999984741211,50.0,1610612755,111,119,2025-03-16T19:08:35Z,6160000,False,0.0,0.0,1,right,MISS J. Edwards tip Layup,[1642348],1610612755.0,PHI,tip,,,,,,Restricted Area,0-8 Center,,,,Edwards,J. Edwards,,,Missed,,0.0,,,,,,,,,,,,,
618,PT03M46.00S,2025-03-16T19:08:08.3Z,4,REGULAR,rebound,offensive,[],1642348,,,1610612755,111,119,2025-03-16T19:08:35Z,6170000,False,,,0,,J. Edwards REBOUND (Off:2 Def:2),[1642348],1610612755.0,PHI,,,,,,,Restricted Area,0-8 Center,,,,Edwards,J. Edwards,,,,,,617.0,4.0,2.0,2.0,,,,,,,,,
619,PT03M45.00S,2025-03-16T19:08:08.6Z,4,REGULAR,2pt,Layup,"['2ndchance', 'pointsinthepaint']",1642348,94.40999984741211,50.0,1610612755,111,121,2025-03-16T19:08:39Z,6180000,False,0.0,0.0,1,right,J. Edwards tip Layup (10 PTS),[1642348],1610612755.0,PHI,tip,,,,,,Restricted Area,0-8 Center,,,,Edwards,J. Edwards,,,Made,10.0,0.0,,,,,,,,,,,,,
620,PT03M33.00S,2025-03-16T19:08:18.5Z,4,REGULAR,2pt,Layup,['pointsinthepaint'],203915,8.623521681997373,48.03921568627451,1610612742,111,121,2025-03-16T19:09:05Z,6190000,False,10.0,29.0,1,left,MISS S. Dinwiddie driving finger roll Layup,[203915],1610612742.0,DAL,driving finger roll,,,,,,Restricted Area,0-8 Center,,,,Dinwiddie,S. Dinwiddie,,,Missed,,3.02,,,,,,,,,,,,,
621,PT03M31.00S,2025-03-16T19:08:20.5Z,4,REGULAR,rebound,offensive,[],203915,,,1610612742,111,121,2025-03-16T19:09:05Z,6200000,False,,,0,,S. Dinwiddie REBOUND (Off:1 Def:2),[203915],1610612742.0,DAL,,,,,,,Restricted Area,0-8 Center,,,,Dinwiddie,S. Dinwiddie,,,,,,620.0,3.0,2.0,1.0,,,,,,,,,
622,PT03M30.00S,2025-03-16T19:08:22.2Z,4,REGULAR,3pt,Jump Shot,['2ndchance'],1629023,17.559132720105126,92.8921568627451,1610612742,111,121,2025-03-16T19:09:49Z,6210000,False,-214.0,113.0,1,left,MISS P. Washington 24' step back 3PT,[1629023],1610612742.0,DAL,step back,,,,,,Above the Break 3,24+ Left Center,,,,Washington,P. Washington,,,Missed,,24.23,,,,,,,,,,,,,
623,PT03M30.00S,2025-03-16T19:08:22.2Z,4,REGULAR,rebound,offensive,[],1630230,,,1610612742,111,121,2025-03-16T19:08:27Z,6220000,False,,,0,,N. Marshall REBOUND (Off:2 Def:4),[1630230],1610612742.0,DAL,,,,,,,Above the Break 3,24+ Left Center,,,,Marshall,N. Marshall,,,,,,622.0,6.0,4.0,2.0,,,,,,,,,
624,PT03M26.00S,2025-03-16T19:08:26.6Z,4,REGULAR,2pt,Layup,"['2ndchance', 'pointsinthepaint']",1630230,5.590000152587891,50.0,1610612742,113,121,2025-03-16T19:08:35Z,6230000,False,0.0,0.0,1,left,N. Marshall tip Layup (19 PTS),[1630230],1610612742.0,DAL,tip,,,,,,Restricted Area,0-8 Center,,,,Marshall,N. Marshall,,,Made,19.0,0.0,,,,,,,,,,,,,
625,PT03M00.00S,2025-03-16T19:08:52.1Z,4,REGULAR,3pt,Jump Shot,[],1642348,72.35545335085413,85.04901960784314,1610612755,113,121,2025-03-16T19:08:57Z,6240000,False,175.0,207.0,1,right,MISS J. Edwards 27' 3PT,[1642348],1610612755.0,PHI,,,,,,,Above the Break 3,24+ Right Center,,,,Edwards,J. Edwards,,,Missed,,27.15,,,,,,,,,,,,,
626,PT02M57.00S,2025-03-16T19:08:55.1Z,4,REGULAR,rebound,defensive,[],202691,,,1610612742,113,121,2025-03-16T19:08:55Z,6250000,False,,,0,,K. Thompson REBOUND (Off:0 Def:2),[202691],1610612742.0,DAL,,,,,,,Above the Break 3,24+ Right Center,,,,Thompson,K. Thompson,,,,,,625.0,2.0,2.0,0.0,,,,,,,,,
627,PT02M44.00S,2025-03-16T19:09:10.2Z,4,REGULAR,3pt,Jump Shot,[],1631108,28.597240473061763,18.137254901960784,1610612742,113,121,2025-03-16T19:11:38Z,6260000,False,159.0,216.0,1,left,MISS M. Christie 26' 3PT,[1631108],1610612742.0,DAL,,,,,,,Above the Break 3,24+ Right Center,,,,Christie,M. Christie,,,Missed,,26.86,,,,,,,,,,,,,
628,PT02M42.00S,2025-03-16T19:09:12.2Z,4,REGULAR,rebound,offensive,[],1630230,,,1610612742,113,121,2025-03-16T19:11:38Z,6270000,False,,,0,,N. Marshall REBOUND (Off:3 Def:4),[1630230],1610612742.0,DAL,,,,,,,Above the Break 3,24+ Right Center,,,,Marshall,N. Marshall,,,,,,627.0,7.0,4.0,3.0,,,,,,,,,
629,PT02M42.00S,2025-03-16T19:09:15.4Z,4,REGULAR,2pt,Layup,"['2ndchance', 'pointsinthepaint']",1630230,5.590000152587891,50.0,1610612742,113,121,2025-03-16T19:11:44Z,6280000,False,0.0,0.0,1,left,MISS N. Marshall tip Layup,[1630230],1610612742.0,DAL,tip,,,,,,Restricted Area,0-8 Center,,,,Marshall,N. Marshall,,,Missed,,0.0,,,,,,,,,,,,,
630,PT02M41.00S,2025-03-16T19:09:16.4Z,4,REGULAR,rebound,offensive,[],1630230,,,1610612742,113,121,2025-03-16T19:11:44Z,6290000,False,,,0,,N. Marshall REBOUND (Off:4 Def:4),[1630230],1610612742.0,DAL,,,,,,,Restricted Area,0-8 Center,,,,Marshall,N. Marshall,,,,,,629.0,8.0,4.0,4.0,,,,,,,,,
631,PT02M39.00S,2025-03-16T19:09:17.9Z,4,REGULAR,2pt,Layup,"['2ndchance', 'pointsinthepaint']",1630230,5.590000152587891,50.0,1610612742,115,121,2025-03-16T19:11:50Z,6300000,False,0.0,0.0,1,left,N. Marshall putback Layup (21 PTS),[1630230],1610612742.0,DAL,putback,,,,,,Restricted Area,0-8 Center,,,,Marshall,N. Marshall,,,Made,21.0,0.0,,,,,,,,,,,,,
632,PT02M14.00S,2025-03-16T19:09:39.9Z,4,REGULAR,2pt,Layup,['pointsinthepaint'],1629656,92.64126149802891,54.633884803921575,1610612755,115,123,2025-03-16T19:09:48Z,6310000,False,23.0,17.0,1,right,Q. Grimes driving Layup (25 PTS),[1629656],1610612755.0,PHI,driving,,,,,,Restricted Area,0-8 Center,,,,Grimes,Q. Grimes,,,Made,25.0,2.86,,,,,,,,,,,,,
633,PT02M14.00S,2025-03-16T19:09:41.4Z,4,REGULAR,foul,personal,['1freethrow'],1631108,,,1610612755,115,123,2025-03-16T19:09:51Z,6320000,False,,,0,,M. Christie shooting personal FOUL (3 PF) (Grimes 1 FT),"[1631108, 1629656]",1610612742.0,DAL,shooting,,,,,,Restricted Area,0-8 Center,202056.0,3.0,0.0,Christie,M. Christie,Grimes,1629656.0,,,,,,,,,,,,,,,,
635,PT02M14.00S,2025-03-16T19:09:46.8Z,4,REGULAR,substitution,out,[],1642348,,,1610612755,115,123,2025-03-16T19:09:50Z,6340000,False,,,0,,SUB out: J. Edwards,[1642348],1610612755.0,PHI,,,,,,,,,,,,Edwards,J. Edwards,,,,,,,,,,,,,,,,,,
636,PT02M14.00S,2025-03-16T19:09:46.8Z,4,REGULAR,substitution,in,[],1641720,,,1610612755,115,123,2025-03-16T19:09:50Z,6350000,False,,,0,,SUB in: J. Hood-Schifino,[1641720],1610612755.0,PHI,,,,,,,,,,,,Hood-Schifino,J. Hood-Schifino,,,,,,,,,,,,,,,,,,
637,PT02M14.00S,2025-03-16T19:10:08.7Z,4,REGULAR,freethrow,1 of 1,[],1629656,,,1610612755,115,124,2025-03-16T19:10:08Z,6360000,False,,,0,,Q. Grimes Free Throw 1 of 1 (26 PTS),[1629656],1610612755.0,PHI,,,,,,,,,,,,Grimes,Q. Grimes,,,Made,26.0,,,,,,,,,,,,,,
638,PT02M02.00S,2025-03-16T19:10:27.0Z,4,REGULAR,3pt,Jump Shot,[],203915,9.411957950065702,97.05882352941177,1610612742,118,124,2025-03-16T19:10:31Z,6370000,False,-235.0,36.0,1,left,S. Dinwiddie 3PT  (16 PTS) (K. Thompson 1 AST),"[203915, 202691]",1610612742.0,DAL,,,,,,,Left Corner 3,24+ Left,,,,Dinwiddie,S. Dinwiddie,,,Made,16.0,23.8,,,,,K. Thompson,202691.0,1.0,,,,,,
640,PT01M41.00S,2025-03-16T19:10:49.4Z,4,REGULAR,2pt,Layup,['pointsinthepaint'],1629656,91.14651773981603,52.69607843137255,1610612755,118,124,2025-03-16T19:10:58Z,6390000,False,13.0,31.0,1,right,MISS Q. Grimes driving Layup,[1629656],1610612755.0,PHI,driving,,,,,,Restricted Area,0-8 Center,,,,Grimes,Q. Grimes,,,Missed,,3.35,,,,,,,,,,,,,
641,PT01M40.00S,2025-03-16T19:10:50.4Z,4,REGULAR,rebound,defensive,[],203915,,,1610612742,118,124,2025-03-16T19:10:58Z,6400000,False,,,0,,S. Dinwiddie REBOUND (Off:1 Def:3),[203915],1610612742.0,DAL,,,,,,,Restricted Area,0-8 Center,,,,Dinwiddie,S. Dinwiddie,,,,,,640.0,4.0,3.0,1.0,,,,,,,,,
642,PT01M35.00S,2025-03-16T19:10:55.1Z,4,REGULAR,3pt,Jump Shot,['fastbreak'],202691,7.046649145860711,4.411764705882353,1610612742,121,124,2025-03-16T19:13:20Z,6410000,False,228.0,14.0,1,left,K. Thompson 3PT running (21 PTS) (P. Washington 2 AST),"[202691, 1629023]",1610612742.0,DAL,running,,,,,,Right Corner 3,24+ Right,,,,Thompson,K. Thompson,,,Made,21.0,22.83,,,,,P. Washington,1629023.0,2.0,,,,,,
644,PT01M35.00S,2025-03-16T19:11:01.8Z,4,REGULAR,timeout,full,['team'],0,,,1610612755,121,124,2025-03-16T19:11:01Z,6430000,False,,,0,,PHI Timeout,[],1610612755.0,PHI,,,,,,,,,,,,,,,,,,,,,,,,,,,,,,,
645,PT01M15.00S,2025-03-16T19:13:10.0Z,4,REGULAR,2pt,Layup,['pointsinthepaint'],1641741,88.64980289093299,46.568627450980394,1610612755,121,124,2025-03-16T19:13:14Z,6440000,False,-17.0,54.0,1,right,MISS R. Council IV Layup - blocked,"[1641741, 1631108]",1610612755.0,PHI,,,,,,,In The Paint (Non-RA),0-8 Center,,,,Council IV,R. Council IV,,,Missed,,5.69,,,,,,,,Christie,1631108.0,,,,
646,PT01M15.00S,2025-03-16T19:13:10.0Z,4,REGULAR,block,,[],1631108,,,1610612755,121,124,2025-03-16T19:13:11Z,6450000,False,,,0,,M. Christie BLOCK (1 BLK),[1631108],1610612742.0,DAL,,,,,,,In The Paint (Non-RA),0-8 Center,,,,Christie,M. Christie,,,,,,,,,,,,,,,,,,
647,PT01M12.00S,2025-03-16T19:13:13.0Z,4,REGULAR,rebound,defensive,[],202691,,,1610612742,121,124,2025-03-16T19:13:14Z,6460000,False,,,0,,K. Thompson REBOUND (Off:0 Def:3),[202691],1610612742.0,DAL,,,,,,,In The Paint (Non-RA),0-8 Center,,,,Thompson,K. Thompson,,,,,,645.0,3.0,3.0,0.0,,,,,,,,,
648,PT01M08.00S,2025-03-16T19:13:16.3Z,4,REGULAR,turnover,lost ball,[],202691,,,1610612742,121,124,2025-03-16T19:13:25Z,6470000,False,,,0,,K. Thompson lost ball TURNOVER (2 TO),"[202691, 1641741]",1610612742.0,DAL,,,,,,,Mid-Range,16-24 Right,,,,Thompson,K. Thompson,,,,,,,,,,,,,,,2.0,Council IV,1641741.0,
649,PT01M08.00S,2025-03-16T19:13:16.3Z,4,REGULAR,steal,,[],1641741,,,1610612755,121,124,2025-03-16T19:13:17Z,6480000,False,,,0,,R. Council IV STEAL (1 STL),[1641741],1610612755.0,PHI,,,,,,,Mid-Range,16-24 Right,,,,Council IV,R. Council IV,,,,,,,,,,,,,,,,,,
650,PT00M49.40S,2025-03-16T19:13:35.5Z,4,REGULAR,3pt,Jump Shot,['fromturnover'],1629656,91.40932982917214,98.52941176470588,1610612755,121,124,2025-03-16T19:14:19Z,6490000,False,243.0,28.0,1,right,MISS Q. Grimes 24' step back 3PT,[1629656],1610612755.0,PHI,step back,,,,,,Right Corner 3,24+ Right,,,,Grimes,Q. Grimes,,,Missed,,24.42,,,,,,,,,,,,,
651,PT00M47.40S,2025-03-16T19:13:37.5Z,4,REGULAR,rebound,defensive,[],1631108,,,1610612742,121,124,2025-03-16T19:13:40Z,6500000,False,,,0,,M. Christie REBOUND (Off:0 Def:8),[1631108],1610612742.0,DAL,,,,,,,Right Corner 3,24+ Right,,,,Christie,M. Christie,,,,,,650.0,8.0,8.0,0.0,,,,,,,,,
652,PT00M37.60S,2025-03-16T19:13:48.2Z,4,REGULAR,2pt,Layup,['pointsinthepaint'],203915,6.783837056504599,54.166666666666664,1610612742,123,124,2025-03-16T19:13:52Z,6510000,False,-21.0,11.0,1,left,S. Dinwiddie driving finger roll Layup (18 PTS),[203915],1610612742.0,DAL,driving finger roll,,,,,,Restricted Area,0-8 Center,,,,Dinwiddie,S. Dinwiddie,,,Made,18.0,2.37,,,,,,,,,,,,,
653,PT00M25.40S,2025-03-16T19:14:10.3Z,4,REGULAR,foul,personal,['2freethrow'],1630230,,,1610612755,123,124,2025-03-16T19:16:48Z,6512500,False,,,0,,N. Marshall shooting personal FOUL (3 PF) (Grimes 2 FT),"[1630230, 1629656]",1610612742.0,DAL,shooting,,,,,,In The Paint (Non-RA),0-8 Center,1155.0,3.0,0.0,Marshall,N. Marshall,Grimes,1629656.0,,,,,,,,,,,,,,,,
655,PT00M25.40S,2025-03-16T19:14:24.0Z,4,REGULAR,timeout,full,['team'],0,,,1610612755,123,124,2025-03-16T19:17:12Z,6515000,False,,,0,,DAL Timeout,[],1610612742.0,DAL,,,,,,,,,,,,,,,,,,,,,,,,,,,,,,,
657,PT00M25.40S,2025-03-16T19:17:02.7Z,4,REGULAR,freethrow,1 of 2,[],1629656,,,1610612755,123,125,2025-03-16T19:17:28Z,6560000,False,,,0,,Q. Grimes Free Throw 1 of 2 (27 PTS),[1629656],1610612755.0,PHI,,,,,,,,,,,,Grimes,Q. Grimes,,,Made,27.0,,,,,,,,,,,,,,
658,PT00M25.40S,2025-03-16T19:17:02.7Z,4,REGULAR,freethrow,2 of 2,[],1629656,,,1610612755,123,126,2025-03-16T19:17:28Z,6570000,False,,,0,,Q. Grimes Free Throw 2 of 2 (28 PTS),[1629656],1610612755.0,PHI,,,,,,,,,,,,Grimes,Q. Grimes,,,Made,28.0,,,,,,,,,,,,,,
659,PT00M14.70S,2025-03-16T19:17:36.3Z,4,REGULAR,2pt,Layup,['pointsinthepaint'],1629023,8.229303547963205,50.98039215686274,1610612742,125,126,2025-03-16T19:17:50Z,6580000,False,-5.0,25.0,1,left,P. Washington Layup (29 PTS) (K. Thompson 2 AST),"[1629023, 202691]",1610612742.0,DAL,,,,,,,Restricted Area,0-8 Center,,,,Washington,P. Washington,,,Made,29.0,2.54,,,,,K. Thompson,202691.0,2.0,,,,,,
661,PT00M12.00S,2025-03-16T19:17:43.5Z,4,REGULAR,foul,personal,"['inpenalty', '2freethrow']",1631108,,,1610612755,125,126,2025-03-16T19:17:50Z,6600000,False,,,0,,M. Christie take personal FOUL (4 PF) (Butler 2 FT),"[1631108, 1630215]",1610612742.0,DAL,take,,,,,,Mid-Range,16-24 Left Center,1155.0,4.0,0.0,Christie,M. Christie,Butler,1630215.0,,,,,,,,,,,,,,,,
663,PT00M12.00S,2025-03-16T19:18:09.4Z,4,REGULAR,freethrow,1 of 2,[],1630215,,,1610612755,125,127,2025-03-16T19:18:09Z,6620000,False,,,0,,J. Butler Free Throw 1 of 2 (7 PTS),[1630215],1610612755.0,PHI,,,,,,,,,,,,Butler,J. Butler,,,Made,7.0,,,,,,,,,,,,,,
664,PT00M12.00S,2025-03-16T19:18:11.8Z,4,REGULAR,substitution,out,[],203915,,,1610612755,125,127,2025-03-16T19:18:16Z,6630000,False,,,0,,SUB out: S. Dinwiddie,[203915],1610612742.0,DAL,,,,,,,,,,,,Dinwiddie,S. Dinwiddie,,,,,,,,,,,,,,,,,,
665,PT00M12.00S,2025-03-16T19:18:11.8Z,4,REGULAR,substitution,in,[],1630556,,,1610612755,125,127,2025-03-16T19:18:16Z,6640000,False,,,0,,SUB in: K. Edwards,[1630556],1610612742.0,DAL,,,,,,,,,,,,Edwards,K. Edwards,,,,,,,,,,,,,,,,,,
666,PT00M12.00S,2025-03-16T19:18:28.6Z,4,REGULAR,freethrow,2 of 2,[],1630215,,,1610612755,125,128,2025-03-16T19:18:28Z,6650000,False,,,0,,J. Butler Free Throw 2 of 2 (8 PTS),[1630215],1610612755.0,PHI,,,,,,,,,,,,Butler,J. Butler,,,Made,8.0,,,,,,,,,,,,,,
667,PT00M12.00S,2025-03-16T19:18:31.0Z,4,REGULAR,timeout,full,['team'],0,,,1610612742,125,128,2025-03-16T19:18:31Z,6660000,False,,,0,,DAL Timeout,[],1610612742.0,DAL,,,,,,,,,,,,,,,,,,,,,,,,,,,,,,,
668,PT00M12.00S,2025-03-16T19:18:31.8Z,4,REGULAR,substitution,out,[],1630556,,,1610612742,125,128,2025-03-16T19:19:54Z,6670000,False,,,0,,SUB out: K. Edwards,[1630556],1610612742.0,DAL,,,,,,,,,,,,Edwards,K. Edwards,,,,,,,,,,,,,,,,,,
669,PT00M12.00S,2025-03-16T19:18:31.8Z,4,REGULAR,substitution,in,[],203915,,,1610612742,125,128,2025-03-16T19:19:54Z,6680000,False,,,0,,SUB in: S. Dinwiddie,[203915],1610612742.0,DAL,,,,,,,,,,,,Dinwiddie,S. Dinwiddie,,,,,,,,,,,,,,,,,,
670,PT00M10.60S,2025-03-16T19:20:26.4Z,4,REGULAR,3pt,Jump Shot,[],203915,17.821944809461236,93.62745098039215,1610612742,125,128,2025-03-16T19:20:32Z,6690000,False,-218.0,115.0,1,left,MISS S. Dinwiddie 24' turnaround 3PT,[203915],1610612742.0,DAL,turnaround,,,,,,Above the Break 3,24+ Left Center,,,,Dinwiddie,S. Dinwiddie,,,Missed,,24.66,,,,,,,,,,,,,
671,PT00M05.70S,2025-03-16T19:20:31.4Z,4,REGULAR,rebound,defensive,[],1627824,,,1610612755,125,128,2025-03-16T19:20:31Z,6700000,False,,,0,,G. Yabusele REBOUND (Off:1 Def:5),[1627824],1610612755.0,PHI,,,,,,,Above the Break 3,24+ Left Center,,,,Yabusele,G. Yabusele,,,,,,670.0,6.0,5.0,1.0,,,,,,,,,
672,PT00M04.30S,2025-03-16T19:20:33.4Z,4,REGULAR,foul,personal,"['inpenalty', '2freethrow']",203915,,,1610612755,125,128,2025-03-16T19:20:39Z,6710000,False,,,0,,S. Dinwiddie take personal FOUL (2 PF) (Hood-Schifino 2 FT),"[203915, 1641720]",1610612742.0,DAL,take,,,,,,Above the Break 3,24+ Left Center,1155.0,2.0,0.0,Dinwiddie,S. Dinwiddie,Hood-Schifino,1641720.0,,,,,,,,,,,,,,,,
674,PT00M04.30S,2025-03-16T19:21:09.8Z,4,REGULAR,freethrow,1 of 2,[],1641720,,,1610612755,125,129,2025-03-16T19:21:09Z,6730000,False,,,0,,J. Hood-Schifino Free Throw 1 of 2 (18 PTS),[1641720],1610612755.0,PHI,,,,,,,,,,,,Hood-Schifino,J. Hood-Schifino,,,Made,18.0,,,,,,,,,,,,,,
675,PT00M04.30S,2025-03-16T19:21:30.7Z,4,REGULAR,freethrow,2 of 2,[],1641720,,,1610612755,125,130,2025-03-16T19:21:30Z,6740000,False,,,0,,J. Hood-Schifino Free Throw 2 of 2 (19 PTS),[1641720],1610612755.0,PHI,,,,,,,,,,,,Hood-Schifino,J. Hood-Schifino,,,Made,19.0,,,,,,,,,,,,,,
676,PT00M00.80S,2025-03-16T19:21:42.3Z,4,REGULAR,3pt,Jump Shot,[],1630230,26.10052562417871,18.38235294117647,1610612742,125,130,2025-03-16T19:21:57Z,6750000,False,158.0,193.0,1,left,MISS N. Marshall 24' pullup 3PT,[1630230],1610612742.0,DAL,pullup,,,,,,Above the Break 3,24+ Right Center,,,,Marshall,N. Marshall,,,Missed,,24.93,,,,,,,,,,,,,
677,PT00M00.80S,2025-03-16T19:21:42.3Z,4,REGULAR,rebound,offensive,['team'],0,,,1610612742,125,130,2025-03-16T19:21:46Z,6760000,False,,,0,,TEAM offensive REBOUND,[],1610612742.0,DAL,,,,,,,Above the Break 3,24+ Right Center,,,,,,,,,,,676.0,,,,,,,,,,,,
678,PT00M00.00S,2025-03-16T19:21:52.6Z,4,REGULAR,period,end,[],0,,,1610612742,125,130,2025-03-16T19:21:52Z,6770000,False,,,0,,Period End,[],,,,,,,,,,,,,,,,,,,,,,,,,,,,,,,,,
679,PT00M00.00S,2025-03-16T19:21:58.5Z,4,REGULAR,game,end,[],0,,,0,125,130,2025-03-16T19:21:58Z,6780000,False,,,0,,Game End,[],,,,,,,,,,,,,,,,,,,,,,,,,,,,,,,,,
